2,9,(0, 1, 0)||42
2,2,(0, 0, 1)||424
2,2,(1, 0, 0)||424
2,8,(0, 1, 1)||7
2,10,(1, 1, 0)||255
2,2,(1, 0, 1)||384
2,8,(0, 1, 0)||7
2,2,(0, 0, -1)||424
2,9,(0, 1, 1)||38
2,9,(0, 1, -1)||38
2,2,(1, 0, -1)||384
2,22,(0, 1, 1)||10
2,8,(0, 1, -1)||7
2,22,(0, 1, 0)||11
2,10,(0, 1, 1)||255
2,10,(0, 1, 0)||284
2,22,(0, 1, -1)||10
2,5,(0, 1, 1)||12
2,10,(0, 1, -1)||255
2,5,(0, 1, 0)||12
2,5,(1, 1, 0)||11
2,5,(0, 1, -1)||12
9,0,(0, 1, 0)||34
9,2,(0, -1, 0)||42
9,8,(0, 0, 1)||6
9,10,(1, 0, 0)||38
9,0,(0, 1, 1)||35
9,10,(1, 1, 0)||29
9,2,(0, -1, 1)||38
9,2,(1, -1, 0)||39
9,10,(1, 0, 1)||20
8,0,(0, 1, 0)||7
8,2,(0, -1, 0)||7
8,9,(0, 0, 1)||5
8,9,(0, 0, -1)||6
8,10,(1, 0, 0)||7
8,0,(0, 1, 1)||7
8,0,(0, 1, -1)||5
8,15,(1, 1, 0)||1
8,2,(0, -1, 1)||7
8,2,(0, -1, -1)||7
8,2,(1, -1, 0)||7
8,10,(1, 0, 1)||5
8,10,(1, 0, -1)||6
9,22,(0, 0, 1)||4
9,8,(0, 0, -1)||5
9,0,(0, 1, -1)||35
9,20,(1, 1, 0)||2
9,2,(0, -1, -1)||38
9,10,(1, 0, -1)||21
22,0,(0, 1, 0)||11
22,2,(0, -1, 0)||11
22,10,(0, 0, 1)||10
22,9,(0, 0, -1)||4
22,10,(1, 0, 0)||10
22,10,(0, 1, 1)||5
22,0,(0, 1, -1)||7
22,20,(1, 1, 0)||1
22,2,(0, -1, 1)||10
22,2,(0, -1, -1)||10
22,2,(1, -1, 0)||10
22,10,(1, 0, 1)||5
22,10,(1, 0, -1)||7
10,10,(0, 1, 0)||252
10,2,(0, -1, 0)||284
10,10,(0, 0, 1)||294
10,22,(0, 0, -1)||10
10,10,(1, 0, 0)||294
10,10,(0, 1, 1)||149
10,0,(0, 1, -1)||184
10,10,(1, 1, 0)||149
10,2,(0, -1, 1)||255
10,2,(0, -1, -1)||255
10,2,(1, -1, 0)||255
10,10,(1, 0, 1)||186
10,10,(1, 0, -1)||186
10,5,(0, 0, 1)||12
10,10,(0, 0, -1)||294
10,0,(0, 1, 1)||184
10,10,(0, 1, -1)||149
10,5,(1, 0, 1)||6
5,0,(0, 1, 0)||10
5,2,(0, -1, 0)||12
5,10,(0, 0, 1)||12
5,10,(0, 0, -1)||12
5,5,(1, 0, 0)||4
5,10,(0, 1, 1)||11
5,10,(0, 1, -1)||11
5,0,(1, 1, 0)||11
5,2,(0, -1, 1)||12
5,2,(0, -1, -1)||12
5,2,(1, -1, 0)||11
5,10,(1, 0, 1)||6
5,10,(1, 0, -1)||7
10,5,(0, 0, -1)||12
10,5,(1, 0, -1)||7
0,0,(0, 1, 0)||1724
0,9,(0, -1, 0)||34
0,0,(0, 0, 1)||1784
0,10,(1, 0, 0)||84
0,0,(0, 1, 1)||1467
0,19,(1, 1, 0)||2
0,8,(0, -1, 1)||5
0,10,(1, -1, 0)||184
0,15,(1, 0, 1)||3
0,8,(0, -1, 0)||7
0,0,(0, 0, -1)||1784
0,15,(1, 0, 0)||3
0,0,(0, 1, -1)||1467
0,0,(1, 1, 0)||1467
0,9,(0, -1, 1)||35
0,9,(0, -1, -1)||35
0,20,(1, 0, 1)||6
0,10,(1, 0, -1)||120
0,20,(1, 0, 0)||9
0,22,(0, -1, 1)||7
0,8,(0, -1, -1)||7
0,15,(1, 0, -1)||13
0,22,(0, -1, 0)||11
0,10,(0, 0, 1)||84
0,17,(0, 1, 1)||8
0,10,(0, -1, 1)||184
0,10,(1, 0, 1)||120
0,20,(1, 0, -1)||8
10,17,(0, 1, 0)||21
10,10,(0, -1, 0)||252
10,0,(0, 0, -1)||84
10,16,(0, 1, 1)||20
10,14,(1, 1, 0)||12
10,10,(0, -1, 1)||149
10,22,(0, -1, -1)||5
10,10,(1, -1, 0)||149
10,20,(1, 0, -1)||1
10,16,(0, 1, 0)||21
10,0,(0, 0, 1)||84
10,17,(0, 1, -1)||20
10,15,(1, 1, 0)||11
10,5,(0, -1, 1)||11
10,10,(0, -1, -1)||149
10,0,(1, 0, 1)||120
0,5,(0, -1, 0)||10
0,10,(0, 0, -1)||84
0,0,(1, 0, 0)||1784
0,16,(0, 1, -1)||8
0,10,(0, -1, -1)||184
0,5,(1, -1, 0)||11
10,13,(1, 1, 0)||20
10,5,(0, -1, -1)||11
10,0,(1, 0, -1)||120
10,12,(1, 1, 0)||20
0,0,(0, -1, 0)||1724
0,19,(1, 0, 0)||3
0,0,(0, -1, 1)||1467
0,0,(1, 0, 1)||1520
0,0,(0, -1, -1)||1467
0,15,(1, -1, 0)||15
0,19,(1, 0, -1)||8
0,20,(1, -1, 0)||9
0,0,(1, 0, -1)||1520
0,17,(0, 0, 1)||14
0,14,(1, 0, 1)||11
17,0,(0, 1, 0)||22
17,10,(0, -1, 0)||21
17,16,(0, 0, 1)||11
17,0,(0, 0, -1)||14
17,14,(1, 0, 0)||7
17,0,(0, 1, 1)||19
17,0,(0, 1, -1)||16
17,0,(1, 1, 0)||20
17,10,(0, -1, 1)||20
17,0,(0, -1, -1)||8
17,10,(1, -1, 0)||20
17,15,(1, 0, 1)||4
17,0,(1, 0, -1)||9
16,0,(0, 1, 0)||22
16,10,(0, -1, 0)||21
16,0,(0, 0, 1)||12
16,17,(0, 0, -1)||11
16,15,(1, 0, 0)||7
16,0,(0, 1, 1)||14
16,0,(0, 1, -1)||20
16,0,(1, 1, 0)||19
16,0,(0, -1, 1)||8
16,10,(0, -1, -1)||20
16,10,(1, -1, 0)||20
16,0,(1, 0, 1)||12
16,14,(1, 0, -1)||4
0,16,(0, 0, -1)||12
0,0,(1, -1, 0)||1467
0,13,(1, 0, 1)||12
17,13,(1, 0, 0)||11
17,12,(1, 0, 1)||4
16,12,(1, 0, 0)||11
16,13,(1, 0, -1)||4
0,19,(1, -1, 0)||9
0,17,(0, -1, 1)||16
0,17,(0, -1, 0)||22
0,16,(0, -1, 1)||20
0,14,(1, -1, 0)||14
0,16,(0, -1, 0)||22
0,17,(0, -1, -1)||19
0,16,(0, -1, -1)||14
0,13,(1, -1, 0)||19
0,12,(1, -1, 0)||20
2,2,(-1, 0, 0)||424
2,9,(-1, 1, 0)||39
2,2,(-1, 0, 1)||384
2,8,(-1, 1, 0)||7
2,3,(1, 1, 0)||12
2,2,(-1, 0, -1)||384
2,22,(-1, 1, 0)||10
2,28,(1, 1, 0)||3
2,10,(-1, 1, 0)||255
2,5,(-1, 1, 0)||11
10,9,(-1, 0, 0)||38
10,15,(0, 1, 1)||14
10,0,(-1, 1, 0)||184
10,2,(-1, -1, 0)||255
10,8,(-1, 0, 1)||6
10,3,(1, 0, 1)||8
10,15,(0, 1, 0)||14
10,8,(-1, 0, 0)||7
10,3,(1, 0, 0)||7
10,20,(0, 1, 1)||12
10,9,(-1, 0, 1)||21
10,9,(-1, 0, -1)||20
10,20,(0, 1, 0)||12
10,15,(0, 1, -1)||1
10,38,(1, 1, 0)||7
10,22,(-1, 0, 1)||7
10,28,(1, 0, 1)||5
10,8,(-1, 0, -1)||5
10,3,(1, 0, -1)||8
10,22,(-1, 0, 0)||10
10,28,(1, 0, 0)||6
10,20,(0, 1, -1)||8
10,0,(1, 1, 0)||184
10,10,(-1, 0, 1)||186
10,10,(-1, 0, 0)||294
10,10,(-1, 1, 0)||149
10,22,(-1, 0, -1)||5
10,28,(1, 0, -1)||2
10,5,(-1, 0, 1)||7
10,10,(-1, 0, -1)||186
5,5,(-1, 0, 0)||4
5,0,(-1, 1, 0)||11
5,2,(-1, -1, 0)||11
5,10,(-1, 0, 1)||7
5,10,(-1, 0, -1)||6
10,30,(1, 1, 0)||6
10,5,(-1, 0, -1)||6
10,19,(0, 1, 0)||10
10,15,(0, 0, 1)||7
10,0,(-1, 0, 0)||84
10,19,(1, 1, 0)||7
10,9,(-1, -1, 0)||29
10,0,(-1, 0, 1)||120
10,12,(1, 0, 1)||5
15,0,(0, 1, 0)||17
15,10,(0, -1, 0)||14
15,20,(0, 0, 1)||1
15,10,(0, 0, -1)||7
15,0,(-1, 0, 0)||3
15,12,(1, 0, 0)||7
15,0,(0, 1, 1)||15
15,19,(0, 1, -1)||1
15,0,(-1, 1, 0)||15
15,0,(1, 1, 0)||14
15,10,(0, -1, 1)||1
15,10,(0, -1, -1)||14
15,8,(-1, -1, 0)||1
15,3,(1, -1, 0)||1
15,0,(-1, 0, 1)||13
15,38,(1, 0, 1)||1
15,0,(-1, 0, -1)||3
15,10,(1, 0, -1)||5
20,0,(0, 1, 0)||12
20,10,(0, -1, 0)||12
20,20,(0, 0, 1)||3
20,15,(0, 0, -1)||1
20,0,(-1, 0, 0)||9
20,38,(1, 0, 0)||1
20,0,(0, 1, 1)||10
20,0,(0, 1, -1)||10
20,0,(-1, 1, 0)||9
20,0,(1, 1, 0)||7
20,10,(0, -1, 1)||8
20,10,(0, -1, -1)||12
20,9,(-1, -1, 0)||2
20,10,(1, -1, 0)||11
20,0,(-1, 0, 1)||8
20,0,(1, 0, 1)||2
20,0,(-1, 0, -1)||6
20,12,(1, 0, -1)||1
20,10,(0, 0, 1)||2
20,20,(0, 0, -1)||3
20,0,(1, 0, 0)||1
20,14,(0, 1, 1)||1
20,22,(-1, -1, 0)||1
20,28,(1, -1, 0)||1
20,10,(-1, 0, 1)||1
20,10,(1, 0, 1)||7
20,38,(1, 0, -1)||1
10,14,(0, 1, 0)||14
10,20,(0, 0, -1)||2
10,17,(-1, 1, 0)||20
10,10,(-1, -1, 0)||149
10,0,(-1, 0, -1)||120
10,14,(0, 1, -1)||14
10,16,(-1, 1, 0)||20
0,0,(-1, 0, 0)||1784
0,13,(0, 1, 1)||8
0,15,(0, 1, -1)||9
0,0,(-1, 1, 0)||1467
0,5,(-1, -1, 0)||11
0,10,(-1, 0, 1)||120
0,30,(1, 0, 1)||5
0,10,(-1, 0, -1)||120
10,13,(0, 1, 0)||21
10,30,(1, 0, 0)||1
10,12,(0, 1, 1)||20
10,38,(1, 0, 1)||3
10,12,(0, 1, 0)||21
10,38,(1, 0, 0)||1
10,13,(0, 1, -1)||20
10,30,(1, 0, -1)||3
19,0,(0, 1, 0)||10
19,10,(0, -1, 0)||10
19,0,(0, 0, 1)||8
19,0,(-1, 0, 0)||3
19,19,(1, 0, 0)||6
19,0,(0, 1, 1)||8
19,0,(-1, 1, 0)||9
19,0,(1, 1, 0)||9
19,15,(0, -1, 1)||1
19,0,(-1, -1, 0)||2
19,10,(1, -1, 0)||7
19,0,(-1, 0, 1)||8
19,0,(1, 0, 1)||8
0,15,(0, -1, 0)||17
0,19,(0, 0, -1)||8
0,20,(0, -1, 1)||10
0,0,(-1, -1, 0)||1467
0,0,(-1, 0, 1)||1520
0,0,(-1, 0, -1)||1520
0,20,(0, -1, 0)||12
0,15,(0, -1, -1)||15
0,38,(1, -1, 0)||6
0,14,(0, 0, 1)||14
0,20,(0, -1, -1)||10
0,17,(-1, 0, 1)||9
14,0,(0, 1, 0)||17
14,10,(0, -1, 0)||14
14,15,(0, 0, 1)||8
14,0,(0, 0, -1)||14
14,17,(-1, 0, 0)||7
14,14,(1, 0, 0)||4
14,0,(0, 1, 1)||10
14,0,(0, 1, -1)||15
14,0,(-1, 1, 0)||14
14,0,(1, 1, 0)||15
14,10,(0, -1, 1)||14
14,20,(0, -1, -1)||1
14,10,(-1, -1, 0)||12
14,10,(1, -1, 0)||11
14,16,(-1, 0, 1)||4
14,15,(1, 0, 1)||2
14,0,(-1, 0, -1)||11
14,0,(1, 0, -1)||13
15,0,(0, 0, 1)||14
15,14,(0, 0, -1)||8
15,16,(-1, 0, 0)||7
15,15,(1, 0, 0)||4
15,0,(0, 1, -1)||10
15,0,(0, -1, 1)||9
15,10,(-1, -1, 0)||11
15,10,(1, -1, 0)||12
15,0,(1, 0, 1)||11
15,17,(-1, 0, -1)||4
15,14,(1, 0, -1)||2
0,13,(0, 0, 1)||12
0,15,(0, 0, -1)||14
0,16,(-1, 0, -1)||12
13,0,(0, 1, 0)||22
13,10,(0, -1, 0)||21
13,12,(0, 0, 1)||11
13,0,(0, 0, -1)||12
13,17,(-1, 0, 0)||11
13,0,(1, 0, 0)||14
13,0,(0, 1, 1)||20
13,0,(0, 1, -1)||14
13,0,(-1, 1, 0)||19
13,0,(1, 1, 0)||16
13,10,(0, -1, 1)||20
13,0,(0, -1, -1)||8
13,10,(-1, -1, 0)||20
13,30,(1, -1, 0)||1
13,16,(-1, 0, 1)||4
13,0,(1, 0, 1)||9
13,0,(-1, 0, -1)||12
13,0,(1, 0, -1)||9
12,0,(0, 1, 0)||22
12,10,(0, -1, 0)||21
12,13,(0, 0, -1)||11
12,16,(-1, 0, 0)||11
12,0,(1, 0, 0)||12
12,0,(0, 1, -1)||19
12,0,(-1, 1, 0)||20
12,0,(1, 1, 0)||14
12,10,(0, -1, -1)||20
12,10,(-1, -1, 0)||20
12,38,(1, -1, 0)||1
12,17,(-1, 0, -1)||4
12,0,(1, 0, -1)||12
0,19,(0, -1, 0)||10
0,19,(0, -1, -1)||8
0,14,(0, -1, 1)||15
0,14,(0, -1, 0)||17
0,15,(0, -1, 1)||10
0,17,(-1, -1, 0)||20
0,14,(0, -1, -1)||10
0,16,(-1, -1, 0)||19
0,13,(0, -1, 1)||14
0,13,(0, -1, 0)||22
0,12,(0, -1, 1)||19
0,12,(0, -1, 0)||22
0,13,(0, -1, -1)||20
2,3,(0, 1, 1)||12
2,3,(0, 1, 0)||12
2,39,(1, 1, 0)||10
2,28,(0, 1, 1)||3
2,3,(0, 1, -1)||12
2,9,(1, 1, 0)||39
2,28,(0, 1, 0)||3
2,4,(1, 1, 0)||4
2,28,(0, 1, -1)||2
2,8,(1, 1, 0)||6
2,11,(1, 1, 0)||10
10,3,(0, 0, 1)||7
10,39,(1, 0, 1)||7
3,12,(0, 1, 0)||1
3,2,(0, -1, 0)||12
3,10,(0, 0, 1)||7
3,10,(0, 0, -1)||7
3,10,(-1, 0, 0)||7
3,39,(1, 0, 0)||2
3,38,(0, 1, 1)||1
3,10,(0, 1, -1)||3
3,15,(-1, 1, 0)||1
3,0,(1, 1, 0)||3
3,2,(0, -1, 1)||12
3,2,(0, -1, -1)||12
3,2,(-1, -1, 0)||12
3,2,(1, -1, 0)||12
3,10,(-1, 0, 1)||8
3,9,(1, 0, 1)||3
3,10,(-1, 0, -1)||8
3,10,(1, 0, -1)||8
10,38,(0, 1, 0)||8
10,28,(0, 0, 1)||6
10,3,(0, 0, -1)||7
10,9,(1, 0, 0)||38
10,12,(0, 1, -1)||2
10,20,(-1, 1, 0)||11
10,4,(1, 0, 1)||4
10,39,(1, 0, -1)||7
28,0,(0, 1, 0)||6
28,2,(0, -1, 0)||3
28,10,(0, 0, 1)||1
28,10,(0, 0, -1)||6
28,10,(-1, 0, 0)||6
28,4,(1, 0, 0)||1
28,10,(0, 1, 1)||1
28,38,(0, 1, -1)||1
28,20,(-1, 1, 0)||1
28,0,(1, 1, 0)||6
28,2,(0, -1, 1)||2
28,2,(0, -1, -1)||3
28,2,(-1, -1, 0)||3
28,2,(1, -1, 0)||3
28,10,(-1, 0, 1)||2
28,9,(1, 0, 1)||1
28,10,(-1, 0, -1)||5
28,9,(1, 0, -1)||2
10,28,(0, 0, -1)||1
10,18,(1, 1, 0)||4
10,9,(1, 0, 1)||20
10,4,(1, 0, -1)||4
10,8,(1, 0, 1)||6
10,9,(1, 0, -1)||21
5,8,(1, 0, 0)||1
5,30,(0, 1, 1)||1
5,9,(1, 0, 1)||4
5,9,(1, 0, -1)||4
10,30,(0, 1, 0)||8
10,38,(0, 1, 1)||6
10,11,(1, 0, 1)||5
10,8,(1, 0, -1)||4
10,11,(1, 0, 0)||10
10,30,(0, 1, -1)||7
10,12,(0, 0, 1)||2
10,19,(-1, 1, 0)||7
10,3,(0, -1, 1)||3
10,15,(-1, 0, 1)||5
12,3,(0, -1, 0)||1
12,38,(0, 0, 1)||1
12,10,(0, 0, -1)||2
12,15,(-1, 0, 0)||7
12,0,(0, 1, 1)||16
12,19,(0, 1, -1)||1
12,10,(0, -1, 1)||2
12,39,(1, -1, 0)||1
12,20,(-1, 0, 1)||1
12,0,(1, 0, 1)||9
12,10,(-1, 0, -1)||5
12,10,(1, 0, -1)||2
38,0,(0, 1, 0)||8
38,10,(0, -1, 0)||8
38,0,(0, 0, 1)||6
38,12,(0, 0, -1)||1
38,20,(-1, 0, 0)||1
38,0,(1, 0, 0)||6
38,0,(0, 1, 1)||6
38,0,(0, 1, -1)||7
38,0,(-1, 1, 0)||6
38,0,(1, 1, 0)||6
38,28,(0, -1, 1)||1
38,3,(0, -1, -1)||1
38,10,(-1, -1, 0)||7
38,9,(1, -1, 0)||2
38,20,(-1, 0, 1)||1
38,0,(1, 0, 1)||5
38,15,(-1, 0, -1)||1
38,0,(1, 0, -1)||5
0,28,(0, -1, 0)||6
0,38,(0, 0, -1)||6
0,20,(-1, 0, 0)||1
0,14,(0, 1, 1)||9
0,10,(-1, -1, 0)||184
0,4,(1, -1, 0)||3
0,18,(1, 0, 1)||1
0,20,(-1, 0, -1)||2
10,18,(1, 0, 0)||4
10,14,(-1, 1, 0)||11
10,28,(0, -1, -1)||1
10,9,(1, -1, 0)||29
10,18,(1, 0, 1)||3
10,20,(-1, 0, -1)||7
10,15,(-1, 1, 0)||12
10,18,(1, 0, -1)||1
0,30,(0, 0, 1)||6
0,8,(1, -1, 0)||5
0,18,(1, 0, -1)||2
30,0,(0, 1, 0)||8
30,10,(0, -1, 0)||8
30,38,(0, 0, 1)||2
30,0,(0, 0, -1)||6
30,10,(-1, 0, 0)||1
30,0,(1, 0, 0)||6
30,0,(0, 1, 1)||6
30,0,(0, 1, -1)||6
30,13,(-1, 1, 0)||1
30,0,(1, 1, 0)||6
30,10,(0, -1, 1)||7
30,5,(0, -1, -1)||1
30,10,(-1, -1, 0)||6
30,9,(1, -1, 0)||2
30,10,(-1, 0, 1)||3
30,0,(1, 0, 1)||3
30,0,(-1, 0, -1)||5
30,0,(1, 0, -1)||5
38,30,(0, 0, -1)||2
38,10,(-1, 0, 0)||1
38,12,(-1, 1, 0)||1
38,10,(0, -1, -1)||6
38,11,(1, -1, 0)||1
38,10,(-1, 0, -1)||3
19,19,(-1, 0, 0)||6
19,10,(1, 0, 0)||1
19,29,(1, 1, 0)||1
19,12,(0, -1, 1)||1
19,10,(-1, -1, 0)||7
0,38,(0, -1, 1)||7
0,15,(-1, -1, 0)||14
0,19,(-1, 0, -1)||8
0,38,(0, -1, 0)||8
0,12,(0, -1, -1)||16
0,20,(-1, -1, 0)||7
0,38,(0, -1, -1)||6
0,14,(-1, 0, 1)||13
14,14,(-1, 0, 0)||4
14,10,(1, 0, 0)||1
14,14,(1, 1, 0)||1
14,0,(0, -1, -1)||9
14,18,(1, -1, 0)||1
14,15,(-1, 0, 1)||2
14,10,(1, 0, 1)||3
15,15,(-1, 0, 0)||4
15,10,(1, 0, 0)||2
15,15,(1, 1, 0)||1
15,18,(1, -1, 0)||1
15,14,(-1, 0, -1)||2
0,30,(0, -1, 1)||6
0,13,(-1, 0, 1)||9
0,15,(-1, 0, -1)||11
0,30,(0, -1, 0)||8
0,13,(-1, 0, 0)||14
0,12,(-1, 0, 1)||12
0,12,(-1, 0, 0)||12
0,30,(0, -1, -1)||6
0,13,(-1, 0, -1)||9
0,29,(1, 0, 0)||11
0,19,(-1, -1, 0)||9
0,29,(1, 0, -1)||10
0,14,(1, 0, 0)||2
0,14,(-1, -1, 0)||15
0,14,(1, 0, -1)||2
0,13,(-1, -1, 0)||16
0,12,(-1, -1, 0)||14
0,29,(1, -1, 0)||11
2,39,(0, 1, 1)||10
2,39,(0, 1, 0)||11
2,3,(-1, 1, 0)||12
2,4,(0, 1, 1)||4
2,39,(0, 1, -1)||8
2,4,(0, 1, 0)||4
2,28,(-1, 1, 0)||3
2,4,(0, 1, -1)||4
2,11,(0, 1, 1)||8
2,11,(0, 1, 0)||11
10,39,(0, 0, 1)||10
10,3,(-1, 0, 1)||8
39,0,(0, 1, 0)||11
39,2,(0, -1, 0)||11
39,9,(0, 0, 1)||6
39,10,(0, 0, -1)||10
39,3,(-1, 0, 0)||2
39,10,(1, 0, 0)||10
39,0,(0, 1, 1)||8
39,10,(0, 1, -1)||6
39,12,(-1, 1, 0)||1
39,10,(1, 1, 0)||5
39,2,(0, -1, 1)||8
39,2,(0, -1, -1)||10
39,2,(-1, -1, 0)||10
39,2,(1, -1, 0)||10
39,10,(-1, 0, 1)||7
39,10,(1, 0, 1)||5
39,10,(-1, 0, -1)||7
39,11,(1, 0, -1)||4
9,4,(0, 0, 1)||3
9,39,(0, 0, -1)||6
9,10,(-1, 0, 0)||38
9,38,(-1, 1, 0)||2
9,2,(-1, -1, 0)||39
9,28,(-1, 0, 1)||2
9,5,(1, 0, 1)||4
9,3,(-1, 0, -1)||3
4,0,(0, 1, 0)||4
4,2,(0, -1, 0)||4
4,9,(0, 0, 1)||3
4,9,(0, 0, -1)||3
4,28,(-1, 0, 0)||1
4,5,(1, 0, 0)||1
4,18,(0, 1, 1)||1
4,0,(0, 1, -1)||3
4,0,(-1, 1, 0)||3
4,0,(1, 1, 0)||3
4,2,(0, -1, 1)||4
4,2,(0, -1, -1)||4
4,2,(-1, -1, 0)||4
4,2,(1, -1, 0)||4
4,10,(-1, 0, 1)||4
4,10,(1, 0, 1)||4
4,10,(-1, 0, -1)||4
4,10,(1, 0, -1)||4
9,18,(0, 1, 0)||4
9,9,(0, 0, 1)||10
9,4,(0, 0, -1)||3
9,18,(0, 1, 1)||2
9,10,(-1, 1, 0)||29
9,10,(-1, 0, 1)||21
9,28,(-1, 0, -1)||1
9,5,(1, 0, -1)||4
9,9,(0, 0, -1)||10
9,18,(0, 1, -1)||1
9,5,(-1, 0, 1)||4
9,10,(-1, 0, -1)||20
8,5,(-1, 0, 0)||1
8,18,(0, 1, -1)||2
8,0,(-1, 1, 0)||5
8,10,(1, 1, 0)||6
8,2,(-1, -1, 0)||6
8,10,(-1, 0, 1)||4
8,10,(-1, 0, -1)||6
9,11,(0, 0, 1)||6
9,30,(-1, 1, 0)||2
9,39,(1, 0, 1)||2
9,5,(-1, 0, -1)||4
11,0,(0, 1, 0)||11
11,2,(0, -1, 0)||11
11,9,(0, 0, -1)||6
11,10,(-1, 0, 0)||10
11,39,(1, 0, 0)||2
11,0,(0, 1, -1)||8
11,38,(-1, 1, 0)||1
11,0,(1, 1, 0)||7
11,2,(0, -1, -1)||8
11,2,(-1, -1, 0)||10
11,2,(1, -1, 0)||10
11,10,(-1, 0, -1)||5
11,10,(1, 0, -1)||7
10,0,(1, 0, 0)||84
10,39,(0, -1, 1)||6
10,11,(1, -1, 0)||5
10,12,(-1, 0, 1)||2
0,39,(0, -1, 0)||11
0,10,(0, 1, -1)||29
0,17,(1, 1, 0)||8
0,3,(-1, -1, 0)||3
0,38,(-1, 0, 1)||5
0,38,(-1, 0, 0)||6
0,23,(1, 1, 0)||9
0,4,(0, -1, 1)||3
0,39,(0, -1, -1)||8
0,12,(-1, 0, -1)||9
0,4,(0, -1, 0)||4
0,18,(0, 0, 1)||4
0,10,(0, 1, 1)||29
0,28,(-1, -1, 0)||6
0,38,(-1, 0, -1)||5
18,10,(0, 1, 0)||2
18,9,(0, -1, 0)||4
18,18,(0, 0, 1)||2
18,0,(0, 0, -1)||4
18,10,(-1, 0, 0)||4
18,10,(1, 0, 0)||6
18,10,(0, 1, 1)||1
18,0,(0, 1, -1)||4
18,14,(-1, 1, 0)||1
18,10,(1, 1, 0)||2
18,9,(0, -1, 1)||1
18,4,(0, -1, -1)||1
18,10,(-1, -1, 0)||4
18,10,(1, -1, 0)||6
18,10,(-1, 0, 1)||1
18,10,(1, 0, 1)||4
18,0,(-1, 0, -1)||1
18,0,(1, 0, -1)||3
18,0,(0, 0, 1)||3
18,18,(0, 0, -1)||2
18,0,(0, 1, 1)||3
18,10,(0, 1, -1)||1
18,15,(-1, 1, 0)||1
18,8,(0, -1, 1)||2
18,9,(0, -1, -1)||2
18,0,(-1, 0, 1)||2
18,10,(-1, 0, -1)||3
18,10,(1, 0, -1)||2
0,18,(0, 0, -1)||3
0,20,(1, 1, 0)||6
0,30,(-1, 0, 1)||5
0,30,(-1, 0, 0)||6
0,10,(1, 1, 0)||29
0,11,(0, -1, 1)||8
0,11,(0, -1, 0)||11
0,39,(1, -1, 0)||7
0,30,(-1, 0, -1)||3
10,29,(0, 1, 0)||12
10,19,(-1, 0, 0)||1
10,0,(0, -1, 1)||29
10,0,(1, -1, 0)||29
10,17,(1, 0, 1)||1
0,17,(1, 0, 0)||12
0,29,(0, 1, -1)||9
0,23,(1, 0, 1)||13
0,23,(1, 0, 0)||14
0,38,(-1, -1, 0)||6
0,17,(1, 0, -1)||12
0,18,(0, -1, 1)||4
0,23,(1, 0, -1)||11
10,18,(0, -1, 0)||2
10,14,(-1, 0, 0)||1
10,18,(0, -1, 1)||1
10,0,(0, -1, -1)||29
10,15,(-1, 0, 0)||2
10,18,(0, -1, -1)||1
10,20,(1, 0, 1)||1
10,14,(-1, 0, -1)||3
0,18,(0, -1, -1)||3
0,30,(-1, -1, 0)||6
29,0,(0, 1, 0)||12
29,10,(0, -1, 0)||12
29,0,(0, 0, 1)||11
29,0,(-1, 0, 0)||11
29,0,(1, 0, 0)||11
29,0,(0, 1, 1)||11
29,0,(-1, 1, 0)||11
29,0,(1, 1, 0)||11
29,0,(0, -1, 1)||9
29,19,(-1, -1, 0)||1
29,0,(1, -1, 0)||9
29,0,(-1, 0, 1)||10
29,0,(1, 0, 1)||10
0,29,(0, 0, -1)||11
0,17,(1, -1, 0)||14
0,23,(1, -1, 0)||15
14,0,(-1, 0, 0)||2
14,13,(1, 0, 0)||7
14,14,(-1, -1, 0)||1
14,0,(-1, 0, 1)||2
14,12,(1, 0, 1)||4
15,15,(-1, -1, 0)||1
15,13,(1, 0, -1)||4
0,19,(1, 0, 1)||8
0,12,(1, 0, -1)||9
0,29,(0, -1, 0)||12
0,29,(0, -1, -1)||11
2,22,(1, 1, 0)||8
2,11,(0, 1, -1)||10
2,39,(-1, 1, 0)||10
2,4,(-1, 1, 0)||4
2,6,(1, 1, 0)||7
2,7,(1, 1, 0)||3
2,11,(-1, 1, 0)||10
11,10,(0, 0, 1)||10
11,22,(1, 0, 0)||1
11,10,(0, 1, 1)||6
11,10,(-1, 1, 0)||5
11,2,(0, -1, 1)||10
11,39,(-1, 0, 1)||4
11,10,(1, 0, 1)||7
10,11,(0, 0, -1)||10
10,39,(-1, 0, 0)||10
10,22,(1, 0, -1)||5
10,4,(-1, 0, 1)||4
10,6,(1, 0, 1)||6
10,39,(-1, 0, -1)||5
5,4,(-1, 0, 0)||1
5,6,(1, 0, 0)||2
5,9,(-1, 0, 1)||4
5,7,(1, 0, 1)||1
5,9,(-1, 0, -1)||4
10,7,(1, 0, 0)||6
10,18,(-1, 1, 0)||6
10,4,(-1, 0, -1)||4
10,6,(1, 0, -1)||6
10,7,(1, 1, 0)||3
10,7,(1, 0, -1)||5
10,11,(-1, 0, 1)||7
39,11,(-1, 0, 0)||2
39,0,(-1, 1, 0)||7
39,16,(1, 1, 0)||3
39,9,(-1, 0, -1)||2
39,10,(1, 0, -1)||5
0,10,(-1, 0, 0)||84
0,10,(-1, 1, 0)||29
0,22,(1, -1, 0)||8
10,23,(0, 1, 1)||11
10,11,(0, -1, -1)||6
10,39,(-1, -1, 0)||5
10,23,(0, 1, 0)||14
0,23,(0, 1, -1)||1
0,4,(-1, -1, 0)||3
0,6,(1, -1, 0)||5
0,18,(-1, 0, 1)||3
10,18,(-1, 0, 0)||6
10,7,(1, -1, 0)||5
10,18,(-1, 0, 1)||2
10,7,(1, 0, 1)||3
10,18,(-1, 0, -1)||4
10,42,(1, 1, 0)||1
10,8,(-1, -1, 0)||6
10,16,(1, 0, 1)||2
0,16,(1, 0, 0)||14
0,11,(-1, -1, 0)||7
0,29,(-1, 1, 0)||9
17,23,(0, 0, 1)||7
17,0,(-1, 0, 0)||12
17,0,(-1, 1, 0)||14
17,0,(-1, -1, 0)||8
17,0,(-1, 0, 1)||12
17,10,(1, 0, 1)||5
17,10,(-1, 0, -1)||1
23,0,(0, 1, 0)||17
23,10,(0, -1, 0)||14
23,0,(0, 0, 1)||2
23,17,(0, 0, -1)||7
23,0,(-1, 0, 0)||14
23,10,(1, 0, 0)||7
23,0,(0, 1, 1)||14
23,0,(0, 1, -1)||15
23,0,(-1, 1, 0)||15
23,10,(1, 1, 0)||5
23,0,(0, -1, 1)||1
23,10,(0, -1, -1)||11
23,0,(-1, -1, 0)||9
23,10,(1, -1, 0)||14
23,0,(-1, 0, 1)||11
23,0,(1, 0, 1)||2
23,0,(-1, 0, -1)||13
23,14,(1, 0, -1)||2
0,23,(0, 0, -1)||2
10,18,(-1, -1, 0)||2
10,20,(0, 0, 1)||2
10,42,(1, 0, 1)||1
20,10,(0, 0, -1)||2
20,42,(1, 0, 0)||1
20,19,(0, 1, 1)||1
20,12,(0, 1, -1)||1
20,0,(-1, -1, 0)||6
20,10,(-1, 0, -1)||1
20,0,(1, 0, -1)||3
10,0,(-1, -1, 0)||29
10,42,(1, 0, -1)||1
0,19,(0, 1, -1)||3
0,16,(1, -1, 0)||16
0,29,(-1, 0, 0)||11
0,23,(0, -1, 1)||15
0,29,(-1, 0, -1)||10
0,23,(0, -1, 0)||17
0,29,(1, 1, 0)||9
0,23,(0, -1, -1)||14
13,14,(-1, 0, 0)||7
13,0,(1, -1, 0)||8
13,15,(-1, 0, 1)||4
12,0,(0, 0, 1)||14
12,20,(0, -1, 1)||1
12,0,(1, -1, 0)||8
12,0,(-1, 0, 1)||9
12,14,(-1, 0, -1)||4
0,19,(0, 0, 1)||8
0,12,(0, 0, -1)||14
0,42,(1, -1, 0)||1
19,0,(0, 0, -1)||8
19,0,(0, 1, -1)||8
19,0,(0, -1, 1)||3
19,20,(0, -1, -1)||1
19,0,(-1, 0, -1)||8
19,0,(1, 0, -1)||8
0,29,(-1, -1, 0)||11
0,29,(1, 0, 1)||10
0,19,(0, -1, 1)||8
2,24,(1, 1, 0)||10
2,6,(0, 1, 1)||7
2,6,(0, 1, 0)||7
2,7,(0, 1, 1)||3
2,7,(0, 1, 0)||3
2,6,(0, 1, -1)||6
2,7,(0, 1, -1)||3
22,11,(-1, 0, 0)||1
22,0,(-1, 1, 0)||8
22,10,(1, 1, 0)||6
22,2,(-1, -1, 0)||8
22,10,(-1, 0, 1)||5
22,24,(1, 0, 1)||4
10,24,(1, 0, 0)||10
10,11,(-1, 0, -1)||7
10,6,(0, 0, 1)||7
10,24,(1, 0, -1)||7
6,0,(0, 1, 0)||7
6,2,(0, -1, 0)||7
6,7,(0, 0, 1)||1
6,10,(0, 0, -1)||7
6,5,(-1, 0, 0)||2
6,8,(1, 0, 0)||1
6,0,(0, 1, 1)||5
6,10,(0, 1, -1)||6
6,0,(-1, 1, 0)||5
6,0,(1, 1, 0)||7
6,2,(0, -1, 1)||6
6,2,(0, -1, -1)||7
6,2,(-1, -1, 0)||7
6,2,(1, -1, 0)||7
6,10,(-1, 0, 1)||6
6,9,(1, 0, 1)||1
6,10,(-1, 0, -1)||6
6,9,(1, 0, -1)||2
7,0,(0, 1, 0)||6
7,2,(0, -1, 0)||3
7,10,(0, 0, 1)||6
7,6,(0, 0, -1)||1
7,10,(-1, 0, 0)||6
7,9,(1, 0, 0)||1
7,7,(0, 1, 1)||1
7,0,(0, 1, -1)||6
7,10,(-1, 1, 0)||5
7,0,(1, 1, 0)||3
7,2,(0, -1, 1)||3
7,2,(0, -1, -1)||3
7,2,(-1, -1, 0)||3
7,2,(1, -1, 0)||2
7,10,(-1, 0, 1)||5
7,11,(1, 0, 1)||1
7,5,(-1, 0, -1)||1
7,8,(1, 0, -1)||1
10,7,(0, 1, 0)||3
10,7,(0, 0, -1)||6
10,7,(0, 1, -1)||3
10,11,(1, 0, -1)||5
10,39,(-1, 0, 1)||5
0,16,(1, 1, 0)||8
10,24,(1, -1, 0)||6
10,23,(-1, 1, 0)||14
10,6,(0, -1, 1)||6
0,6,(0, -1, 0)||7
0,7,(0, -1, 1)||6
0,7,(0, -1, 0)||6
0,7,(0, 0, 1)||1
0,6,(0, -1, -1)||5
0,9,(1, -1, 0)||1
7,10,(0, -1, 0)||3
7,0,(0, 0, -1)||1
7,0,(1, 0, 0)||2
7,42,(0, 1, 1)||1
7,10,(0, -1, 1)||3
7,7,(0, -1, -1)||1
7,10,(-1, -1, 0)||3
7,11,(1, -1, 0)||1
7,10,(1, 0, 1)||2
7,10,(-1, 0, -1)||3
7,0,(1, 0, -1)||2
10,42,(0, 1, 0)||1
10,21,(1, 1, 0)||8
10,16,(0, 0, 1)||1
10,42,(0, 1, -1)||1
16,10,(0, 0, -1)||1
16,0,(-1, 0, 0)||14
16,10,(0, 1, -1)||1
16,0,(-1, 1, 0)||16
16,39,(-1, -1, 0)||3
16,10,(-1, 0, -1)||2
16,10,(1, 0, -1)||5
14,10,(0, 0, 1)||7
14,0,(1, 0, 0)||3
14,10,(0, 1, 1)||5
14,0,(1, -1, 0)||1
14,23,(-1, 0, 1)||2
14,0,(1, 0, 1)||3
14,16,(1, 0, -1)||1
10,14,(0, 0, -1)||7
10,23,(-1, 0, 0)||7
10,17,(-1, 0, -1)||5
0,23,(-1, 0, -1)||2
0,13,(-1, 1, 0)||8
0,42,(0, 0, 1)||1
0,12,(-1, 1, 0)||8
0,20,(-1, 0, 1)||3
0,21,(1, 0, 1)||8
42,0,(0, 1, 0)||1
42,10,(0, -1, 0)||1
42,10,(0, 0, 1)||1
42,0,(0, 0, -1)||1
42,20,(-1, 0, 0)||1
42,21,(1, 0, 0)||1
42,19,(0, 1, 1)||1
42,0,(0, 1, -1)||1
42,0,(-1, 1, 0)||1
42,0,(1, 1, 0)||1
42,10,(0, -1, 1)||1
42,7,(0, -1, -1)||1
42,10,(-1, -1, 0)||1
42,10,(1, -1, 0)||1
42,10,(-1, 0, 1)||1
42,10,(1, 0, 1)||1
42,10,(-1, 0, -1)||1
42,0,(1, 0, -1)||1
10,42,(0, 0, -1)||1
10,16,(0, -1, 1)||1
10,21,(1, 0, -1)||7
0,29,(0, 1, 1)||9
10,14,(0, -1, -1)||5
10,23,(-1, -1, 0)||5
0,42,(0, -1, 1)||1
0,42,(0, -1, 0)||1
0,21,(1, -1, 0)||10
0,19,(-1, 0, 1)||8
19,42,(0, -1, -1)||1
0,29,(0, 0, 1)||11
29,0,(0, 0, -1)||11
29,0,(0, 1, -1)||11
29,0,(0, -1, -1)||9
29,0,(-1, -1, 0)||9
29,0,(-1, 0, -1)||10
29,0,(1, 0, -1)||10
0,29,(0, -1, 1)||11
2,24,(0, 1, 1)||10
2,24,(0, 1, 0)||11
2,24,(0, 1, -1)||10
2,6,(-1, 1, 0)||7
2,7,(-1, 1, 0)||2
10,24,(0, 0, 1)||10
24,0,(0, 1, 0)||11
24,2,(0, -1, 0)||11
24,9,(0, 0, 1)||4
24,10,(0, 0, -1)||10
24,10,(-1, 0, 0)||10
24,5,(1, 0, 0)||1
24,0,(0, 1, 1)||7
24,10,(0, 1, -1)||5
24,10,(-1, 1, 0)||6
24,0,(1, 1, 0)||8
24,2,(0, -1, 1)||10
24,2,(0, -1, -1)||10
24,2,(-1, -1, 0)||10
24,2,(1, -1, 0)||8
24,10,(-1, 0, 1)||7
24,10,(1, 0, 1)||7
24,22,(-1, 0, -1)||4
24,10,(1, 0, -1)||5
9,24,(0, 0, -1)||4
9,6,(-1, 0, 1)||2
8,6,(-1, 0, 0)||1
8,7,(-1, 0, 1)||1
9,7,(-1, 0, 0)||1
9,0,(-1, 1, 0)||1
9,6,(-1, 0, -1)||1
11,5,(1, 0, 0)||1
11,7,(-1, 1, 0)||1
11,33,(1, 1, 0)||1
11,10,(-1, 0, 1)||5
11,7,(-1, 0, -1)||1
10,24,(0, -1, 1)||5
10,22,(-1, -1, 0)||6
0,24,(0, -1, 0)||11
0,14,(-1, 1, 0)||1
0,24,(0, -1, -1)||7
0,6,(-1, -1, 0)||7
0,43,(1, 1, 0)||1
0,7,(-1, -1, 0)||3
0,7,(-1, 0, 1)||2
0,33,(1, 0, 1)||3
0,7,(-1, 0, 0)||2
0,33,(1, 0, 0)||4
0,21,(0, 1, 1)||6
0,34,(1, 1, 0)||3
10,21,(0, 1, 0)||12
10,42,(-1, 1, 0)||1
10,26,(1, 1, 0)||11
10,7,(-1, 0, -1)||2
10,33,(1, 0, -1)||3
10,21,(0, 1, -1)||11
10,16,(-1, 0, 1)||5
12,10,(1, 0, 0)||2
12,10,(0, 1, -1)||1
12,44,(1, 1, 0)||1
12,10,(1, -1, 0)||3
16,0,(-1, -1, 0)||8
16,14,(-1, 0, 1)||1
0,14,(-1, 0, 0)||3
0,31,(1, 1, 0)||2
0,14,(-1, 0, -1)||3
0,43,(1, 0, 1)||1
0,43,(1, 0, 0)||2
0,34,(1, 0, 1)||3
0,21,(0, 0, 1)||9
0,34,(1, 0, 0)||4
0,33,(1, -1, 0)||4
0,42,(-1, 0, 1)||1
0,26,(1, 0, 1)||2
0,43,(1, 0, -1)||2
21,0,(0, 1, 0)||12
21,10,(0, -1, 0)||12
21,10,(0, 0, 1)||5
21,0,(0, 0, -1)||9
21,42,(-1, 0, 0)||1
21,26,(1, 0, 0)||1
21,19,(0, 1, 1)||1
21,0,(0, 1, -1)||9
21,0,(-1, 1, 0)||10
21,0,(1, 1, 0)||10
21,10,(0, -1, 1)||11
21,0,(0, -1, -1)||6
21,10,(-1, -1, 0)||8
21,10,(1, -1, 0)||12
21,10,(-1, 0, 1)||7
21,26,(1, 0, 1)||2
21,0,(-1, 0, -1)||8
21,34,(1, 0, -1)||2
10,21,(0, 0, -1)||5
10,26,(1, 0, 0)||5
10,12,(0, -1, 1)||1
10,44,(1, 0, 1)||1
10,42,(-1, 0, -1)||1
10,26,(1, 0, -1)||3
0,44,(1, 0, 0)||6
0,26,(1, 0, -1)||3
0,31,(1, 0, 1)||5
0,31,(1, 0, 0)||6
0,31,(1, 0, -1)||5
0,43,(1, -1, 0)||3
0,21,(0, -1, 1)||9
0,34,(1, -1, 0)||4
0,21,(0, -1, 0)||12
0,42,(-1, -1, 0)||1
0,26,(1, -1, 0)||7
19,0,(1, 0, 0)||3
19,21,(0, -1, -1)||1
19,26,(1, -1, 0)||1
0,44,(1, -1, 0)||6
0,29,(-1, 0, 1)||10
0,31,(1, -1, 0)||6
2,24,(-1, 1, 0)||8
2,27,(1, 1, 0)||7
10,24,(-1, 0, 1)||5
10,27,(1, 0, 1)||4
5,24,(-1, 0, 0)||1
5,27,(1, 0, 0)||1
10,24,(-1, 0, -1)||7
10,27,(1, 0, -1)||5
10,33,(0, 1, 1)||6
5,33,(0, 1, 0)||1
5,11,(-1, 0, 0)||1
10,33,(0, 1, -1)||4
10,12,(-1, 1, 0)||3
0,12,(0, 1, -1)||8
0,24,(-1, -1, 0)||8
0,27,(1, -1, 0)||7
10,43,(0, 1, 1)||3
10,43,(0, 1, 0)||3
10,33,(0, 0, 1)||6
10,34,(0, 1, 1)||4
33,34,(0, 1, 0)||2
33,5,(0, -1, 0)||1
33,10,(0, 0, 1)||4
33,10,(0, 0, -1)||6
33,0,(-1, 0, 0)||4
33,0,(1, 0, 0)||3
33,26,(0, 1, 1)||1
33,43,(0, 1, -1)||1
33,0,(-1, 1, 0)||4
33,0,(1, 1, 0)||3
33,10,(0, -1, 1)||4
33,10,(0, -1, -1)||6
33,11,(-1, -1, 0)||1
33,6,(1, -1, 0)||2
33,10,(-1, 0, 1)||3
33,0,(1, 0, 1)||2
33,0,(-1, 0, -1)||3
33,10,(1, 0, -1)||4
10,26,(0, 1, 0)||12
10,33,(0, 0, -1)||4
10,26,(0, 1, 1)||8
10,34,(0, 1, -1)||4
10,21,(-1, 1, 0)||12
10,44,(0, 1, 1)||7
10,26,(0, 1, -1)||12
10,44,(0, 1, 0)||8
10,12,(-1, 0, 0)||2
10,25,(1, 1, 0)||2
12,0,(0, -1, 1)||8
0,31,(0, 1, 1)||2
10,31,(0, 1, 0)||8
10,43,(0, 0, 1)||6
10,31,(0, 1, -1)||6
43,0,(0, 1, 0)||6
43,10,(0, -1, 0)||3
43,34,(0, 0, 1)||1
43,10,(0, 0, -1)||6
43,0,(-1, 0, 0)||2
43,10,(1, 0, 0)||6
43,0,(0, 1, 1)||6
43,20,(0, 1, -1)||2
43,0,(-1, 1, 0)||3
43,10,(1, 1, 0)||5
43,33,(0, -1, 1)||1
43,10,(0, -1, -1)||3
43,0,(-1, -1, 0)||1
43,10,(1, -1, 0)||3
43,0,(-1, 0, 1)||2
43,0,(1, 0, 1)||1
43,0,(-1, 0, -1)||1
43,10,(1, 0, -1)||5
34,0,(0, 1, 0)||6
34,33,(0, -1, 0)||2
34,26,(0, 0, 1)||1
34,43,(0, 0, -1)||1
34,0,(-1, 0, 0)||4
34,0,(1, 0, 0)||4
34,0,(0, 1, 1)||5
34,0,(0, 1, -1)||5
34,0,(-1, 1, 0)||4
34,0,(1, 1, 0)||4
34,10,(0, -1, 1)||4
34,10,(0, -1, -1)||4
34,0,(-1, -1, 0)||3
34,0,(1, -1, 0)||3
34,21,(-1, 0, 1)||2
34,0,(1, 0, 1)||3
34,0,(-1, 0, -1)||3
34,10,(1, 0, -1)||1
26,0,(0, 1, 0)||12
26,10,(0, -1, 0)||12
26,26,(0, 0, 1)||3
26,34,(0, 0, -1)||1
26,21,(-1, 0, 0)||1
26,0,(1, 0, 0)||9
26,0,(0, 1, 1)||10
26,0,(0, 1, -1)||10
26,0,(-1, 1, 0)||7
26,0,(1, 1, 0)||9
26,10,(0, -1, 1)||12
26,33,(0, -1, -1)||1
26,10,(-1, -1, 0)||11
26,0,(1, -1, 0)||6
26,10,(-1, 0, 1)||3
26,0,(1, 0, 1)||6
26,0,(-1, 0, -1)||2
26,0,(1, 0, -1)||8
26,44,(0, 0, 1)||1
26,26,(0, 0, -1)||3
26,10,(-1, 0, 0)||5
26,19,(-1, 1, 0)||1
26,10,(0, -1, -1)||8
26,0,(-1, 0, 1)||3
26,25,(1, 0, 1)||1
26,21,(-1, 0, -1)||2
44,0,(0, 1, 0)||8
44,10,(0, -1, 0)||8
44,26,(0, 0, -1)||1
44,0,(-1, 0, 0)||6
44,25,(1, 0, 0)||1
44,0,(0, 1, -1)||6
44,0,(-1, 1, 0)||6
44,0,(1, 1, 0)||7
44,10,(0, -1, -1)||7
44,12,(-1, -1, 0)||1
44,18,(1, -1, 0)||1
44,10,(-1, 0, -1)||1
44,0,(1, 0, -1)||1
0,31,(0, 0, 1)||6
31,0,(0, 1, 0)||8
31,10,(0, -1, 0)||8
31,20,(0, 0, 1)||2
31,0,(0, 0, -1)||6
31,0,(-1, 0, 0)||6
31,30,(1, 0, 0)||2
31,0,(0, 1, 1)||7
31,0,(0, 1, -1)||6
31,0,(-1, 1, 0)||6
31,0,(1, 1, 0)||6
31,10,(0, -1, 1)||6
31,0,(0, -1, -1)||2
31,0,(-1, -1, 0)||2
31,10,(1, -1, 0)||7
31,0,(-1, 0, 1)||5
31,26,(1, 0, 1)||1
31,0,(-1, 0, -1)||5
31,0,(1, 0, -1)||3
20,0,(0, 0, 1)||2
20,31,(0, 0, -1)||2
20,26,(1, 0, 0)||2
20,43,(0, -1, 1)||2
20,30,(1, 0, -1)||1
0,43,(0, -1, 0)||6
0,20,(0, 0, -1)||2
0,34,(0, -1, 1)||5
0,34,(0, -1, 0)||6
0,26,(0, -1, 1)||10
0,43,(0, -1, -1)||6
0,26,(0, -1, 0)||12
0,34,(0, -1, -1)||5
0,21,(-1, -1, 0)||10
0,19,(-1, 0, 0)||3
0,44,(0, -1, 1)||6
0,26,(0, -1, -1)||10
0,44,(0, -1, 0)||8
0,25,(1, -1, 0)||3
0,31,(0, -1, 1)||6
0,31,(0, -1, 0)||8
0,30,(1, -1, 0)||7
0,31,(0, -1, -1)||7
2,27,(0, 1, 1)||6
2,27,(0, 1, 0)||7
2,27,(0, 1, -1)||7
2,41,(1, 1, 0)||7
9,27,(0, 0, 1)||3
9,44,(1, 1, 0)||2
27,0,(0, 1, 0)||7
27,2,(0, -1, 0)||7
27,10,(0, 0, 1)||7
27,9,(0, 0, -1)||3
27,5,(-1, 0, 0)||1
27,39,(1, 0, 0)||1
27,10,(0, 1, 1)||6
27,0,(0, 1, -1)||5
27,0,(-1, 1, 0)||7
27,0,(1, 1, 0)||5
27,2,(0, -1, 1)||7
27,2,(0, -1, -1)||6
27,2,(-1, -1, 0)||7
27,2,(1, -1, 0)||7
27,10,(-1, 0, 1)||5
27,9,(1, 0, 1)||1
27,10,(-1, 0, -1)||4
27,10,(1, 0, -1)||6
10,27,(0, 0, -1)||7
10,41,(1, 0, 1)||5
10,41,(1, 0, 0)||7
10,22,(1, 0, 1)||7
10,41,(1, 0, -1)||6
6,9,(0, 0, 1)||3
6,22,(1, 0, 0)||1
6,33,(-1, 1, 0)||2
6,10,(1, 0, 1)||4
9,6,(0, 0, -1)||3
9,17,(1, 1, 0)||1
9,22,(1, 0, -1)||1
9,23,(1, 1, 0)||2
0,27,(0, -1, 1)||5
0,27,(0, -1, 0)||7
0,44,(1, 0, -1)||5
10,27,(0, -1, -1)||6
10,41,(1, -1, 0)||6
10,43,(-1, 1, 0)||3
10,33,(-1, 0, 1)||4
0,33,(-1, 0, 0)||3
0,34,(-1, 1, 0)||3
0,17,(1, 0, 1)||9
0,26,(-1, 1, 0)||6
0,33,(-1, 0, -1)||2
0,25,(0, 1, 1)||1
18,25,(0, 1, 0)||1
18,44,(-1, 1, 0)||1
18,25,(1, 1, 0)||1
18,23,(1, 0, -1)||1
0,30,(0, 1, 1)||2
10,31,(-1, 1, 0)||7
10,43,(-1, 0, 1)||5
10,43,(-1, 0, 0)||6
10,34,(-1, 0, 1)||1
0,34,(-1, 0, 0)||4
0,33,(-1, -1, 0)||3
0,26,(-1, 0, 1)||8
0,43,(-1, 0, -1)||1
0,26,(-1, 0, 0)||9
0,34,(-1, 0, -1)||3
0,25,(0, 0, 1)||2
0,44,(-1, 0, 1)||1
0,25,(1, 0, 1)||1
0,26,(-1, 0, -1)||6
25,0,(0, 1, 0)||4
25,18,(0, -1, 0)||1
25,0,(0, 0, -1)||2
25,44,(-1, 0, 0)||1
25,25,(1, 0, 0)||2
25,0,(0, 1, -1)||2
25,0,(-1, 1, 0)||3
25,0,(1, 1, 0)||3
25,0,(0, -1, -1)||1
25,10,(-1, -1, 0)||2
25,10,(1, -1, 0)||2
25,26,(-1, 0, -1)||1
25,0,(1, 0, -1)||1
0,31,(-1, 0, 1)||3
30,26,(0, 0, 1)||2
30,31,(-1, 0, 0)||2
30,0,(-1, 1, 0)||7
30,0,(0, -1, -1)||2
30,0,(1, -1, 0)||2
30,20,(-1, 0, 1)||1
26,10,(0, 0, 1)||2
26,30,(0, 0, -1)||2
26,20,(-1, 0, 0)||2
26,29,(0, 1, 1)||1
26,31,(-1, 0, -1)||1
10,26,(0, 0, -1)||2
10,43,(-1, -1, 0)||5
0,34,(-1, -1, 0)||4
0,26,(-1, -1, 0)||9
0,25,(0, -1, 1)||2
0,25,(0, -1, 0)||4
0,44,(-1, -1, 0)||7
0,31,(-1, -1, 0)||6
29,26,(0, -1, -1)||1
2,27,(-1, 1, 0)||7
2,41,(0, 1, 1)||7
2,41,(0, 1, 0)||7
2,41,(0, 1, -1)||7
10,17,(1, 1, 0)||3
10,27,(-1, 0, 1)||6
39,27,(-1, 0, 0)||1
39,44,(0, 1, -1)||1
9,41,(0, 0, 1)||5
9,3,(1, 0, 1)||3
9,27,(-1, 0, -1)||1
41,0,(0, 1, 0)||7
41,2,(0, -1, 0)||7
41,9,(0, 0, 1)||6
41,9,(0, 0, -1)||5
41,10,(-1, 0, 0)||7
41,3,(1, 0, 0)||1
41,0,(0, 1, 1)||5
41,0,(0, 1, -1)||7
41,10,(-1, 1, 0)||6
41,23,(1, 1, 0)||1
41,2,(0, -1, 1)||7
41,2,(0, -1, -1)||7
41,2,(-1, -1, 0)||7
41,2,(1, -1, 0)||6
41,10,(-1, 0, 1)||6
41,10,(1, 0, 1)||6
41,10,(-1, 0, -1)||5
41,10,(1, 0, -1)||4
9,41,(0, 0, -1)||6
9,3,(1, 0, -1)||1
22,6,(-1, 0, 0)||1
22,17,(0, 1, 1)||3
22,23,(1, 1, 0)||1
22,9,(-1, 0, 1)||1
22,10,(-1, 0, -1)||7
10,32,(1, 1, 0)||2
10,6,(-1, 0, -1)||4
10,23,(0, 1, -1)||12
10,28,(1, 1, 0)||3
44,0,(0, 0, 1)||6
44,17,(1, 0, 0)||1
44,0,(0, 1, 1)||6
44,39,(0, -1, 1)||1
44,9,(-1, -1, 0)||2
44,10,(1, -1, 0)||6
44,0,(-1, 0, 1)||5
44,16,(1, 0, 1)||1
0,44,(0, 0, -1)||6
0,27,(-1, -1, 0)||5
0,41,(0, -1, 1)||7
0,16,(1, 0, -1)||9
0,41,(0, -1, 0)||7
0,3,(1, -1, 0)||3
0,41,(0, -1, -1)||5
0,32,(1, 0, 1)||1
17,32,(1, 0, 0)||2
17,22,(0, -1, -1)||3
17,9,(-1, -1, 0)||1
17,0,(-1, 0, -1)||9
17,23,(1, 0, -1)||1
23,10,(0, 0, 1)||2
23,25,(0, 1, 1)||1
23,10,(0, -1, 1)||12
23,9,(-1, -1, 0)||2
23,18,(-1, 0, 1)||1
23,28,(1, 0, 1)||1
23,32,(1, 0, -1)||1
10,25,(0, 1, 0)||2
10,23,(0, 0, -1)||2
10,25,(-1, 1, 0)||2
0,44,(0, -1, -1)||6
0,30,(-1, 1, 0)||2
0,32,(1, -1, 0)||2
0,25,(-1, 0, 1)||1
25,10,(0, -1, 0)||2
25,25,(-1, 0, 0)||2
25,0,(1, 0, 0)||1
25,33,(1, 1, 0)||1
25,23,(0, -1, -1)||1
25,18,(-1, -1, 0)||1
25,28,(1, -1, 0)||1
25,0,(-1, 0, -1)||1
25,10,(1, 0, -1)||1
0,25,(-1, -1, 0)||3
2,41,(-1, 1, 0)||6
10,44,(-1, 1, 0)||6
10,40,(1, 1, 0)||2
10,16,(0, 1, -1)||3
10,16,(1, 1, 0)||2
10,41,(-1, 0, 1)||4
3,23,(0, 1, 0)||1
3,41,(-1, 0, 0)||1
3,3,(1, 0, 0)||2
3,23,(0, 1, 1)||1
3,20,(0, 1, -1)||1
3,0,(-1, 1, 0)||3
3,10,(1, 1, 0)||3
3,9,(-1, 0, 1)||1
3,10,(1, 0, 1)||8
3,9,(-1, 0, -1)||3
10,41,(-1, 0, -1)||6
10,32,(0, 1, 1)||2
10,32,(0, 1, 0)||2
10,28,(0, 1, 1)||3
10,32,(0, 1, -1)||2
10,28,(0, 1, 0)||3
10,37,(1, 1, 0)||12
17,44,(-1, 0, 0)||1
17,10,(-1, -1, 0)||3
17,40,(1, 0, 1)||1
16,20,(0, 0, 1)||1
16,40,(1, 0, 0)||1
16,10,(0, -1, 1)||3
16,0,(-1, 0, 1)||9
16,16,(1, 0, 1)||1
16,44,(-1, 0, -1)||1
20,23,(0, 0, 1)||1
20,16,(0, 0, -1)||1
20,16,(1, 0, 0)||1
20,3,(0, -1, 1)||1
20,40,(1, 0, -1)||1
23,3,(0, -1, 0)||1
23,23,(0, 0, 1)||4
23,20,(0, 0, -1)||1
23,35,(1, 1, 0)||2
23,41,(-1, -1, 0)||1
23,3,(1, -1, 0)||1
23,10,(1, 0, 1)||5
23,16,(1, 0, -1)||1
23,23,(0, 0, -1)||4
23,3,(0, -1, -1)||1
23,10,(1, 0, -1)||3
23,32,(0, 0, 1)||1
23,22,(-1, -1, 0)||1
23,17,(-1, 0, 1)||1
32,0,(0, 1, 0)||2
32,10,(0, -1, 0)||2
32,10,(0, 0, 1)||1
32,23,(0, 0, -1)||1
32,17,(-1, 0, 0)||2
32,10,(1, 0, 0)||1
32,10,(0, 1, 1)||1
32,0,(0, 1, -1)||2
32,0,(-1, 1, 0)||2
32,10,(1, 1, 0)||1
32,10,(0, -1, 1)||2
32,10,(0, -1, -1)||2
32,10,(-1, -1, 0)||2
32,10,(1, -1, 0)||2
32,23,(-1, 0, 1)||1
32,10,(1, 0, 1)||1
32,0,(-1, 0, -1)||1
32,10,(1, 0, -1)||1
10,32,(0, 0, -1)||1
10,37,(1, 0, 1)||3
28,10,(0, -1, 0)||3
28,37,(1, 0, 0)||1
28,10,(0, 1, -1)||5
28,25,(-1, 1, 0)||1
28,10,(0, -1, -1)||3
28,10,(-1, -1, 0)||3
28,10,(1, -1, 0)||1
28,23,(-1, 0, -1)||1
28,10,(1, 0, -1)||3
0,40,(1, -1, 0)||2
0,35,(1, 0, 1)||16
0,35,(1, 0, 0)||16
0,35,(1, 1, 0)||10
0,35,(1, 0, -1)||15
0,32,(0, -1, 1)||2
0,32,(0, -1, 0)||2
10,28,(0, -1, 1)||5
10,32,(0, -1, -1)||1
10,25,(-1, 0, 1)||1
0,33,(0, 1, 0)||2
0,25,(-1, 0, 0)||1
0,33,(1, 1, 0)||1
0,37,(1, -1, 0)||10
0,35,(1, -1, 0)||16
10,33,(1, 0, 1)||2
10,35,(1, 0, -1)||1
33,23,(0, 1, 0)||1
33,0,(0, -1, 0)||2
33,33,(1, 0, 0)||2
33,17,(0, 1, -1)||1
33,36,(1, 1, 0)||1
33,25,(-1, -1, 0)||1
33,0,(1, -1, 0)||2
17,33,(0, -1, 1)||1
17,36,(1, 0, 1)||4
23,33,(0, -1, 0)||1
23,36,(1, 0, 0)||8
23,0,(1, 1, 0)||10
23,33,(1, -1, 0)||1
23,13,(1, 0, -1)||4
0,36,(1, -1, 0)||10
10,40,(0, 1, 1)||2
10,40,(0, 1, 0)||2
10,36,(1, 1, 0)||14
10,40,(0, 1, -1)||2
3,10,(0, 1, 0)||4
3,3,(-1, 0, 0)||2
3,10,(0, 1, 1)||3
3,16,(0, 1, -1)||1
3,23,(-1, 1, 0)||1
10,3,(-1, 0, -1)||8
10,32,(-1, 1, 0)||2
10,37,(0, 1, 1)||11
10,37,(0, 1, 0)||12
10,28,(-1, 1, 0)||1
14,40,(0, 0, 1)||1
14,36,(1, 0, 1)||2
40,0,(0, 1, 0)||2
40,10,(0, -1, 0)||2
40,16,(0, 0, 1)||2
40,14,(0, 0, -1)||1
40,16,(-1, 0, 0)||1
40,36,(1, 0, 0)||1
40,0,(0, 1, 1)||2
40,0,(0, 1, -1)||1
40,0,(-1, 1, 0)||2
40,0,(1, 1, 0)||1
40,10,(0, -1, 1)||2
40,10,(0, -1, -1)||2
40,10,(-1, -1, 0)||2
40,10,(1, -1, 0)||2
40,20,(-1, 0, 1)||1
40,12,(1, 0, 1)||1
40,17,(-1, 0, -1)||1
40,13,(1, 0, -1)||1
16,10,(0, 0, 1)||2
16,40,(0, 0, -1)||2
16,20,(-1, 0, 0)||1
16,35,(0, 1, 1)||1
16,3,(0, -1, 1)||1
16,10,(-1, -1, 0)||2
16,23,(-1, 0, 1)||1
16,16,(-1, 0, -1)||1
16,36,(1, 0, -1)||4
10,35,(0, 1, 0)||18
10,3,(0, -1, 0)||4
10,16,(0, 0, -1)||2
10,3,(-1, -1, 0)||3
10,39,(1, -1, 0)||1
10,23,(-1, 0, 1)||3
10,12,(1, 0, -1)||2
10,35,(0, 1, -1)||13
10,3,(0, -1, -1)||3
10,23,(-1, 0, -1)||5
10,32,(-1, 0, 1)||1
10,26,(1, 0, 1)||7
10,32,(-1, 0, 0)||1
10,37,(0, 0, 1)||5
10,28,(-1, 0, 1)||3
10,32,(-1, 0, -1)||1
37,0,(0, 1, 0)||12
37,10,(0, -1, 0)||12
37,10,(0, 0, -1)||5
37,28,(-1, 0, 0)||1
37,38,(1, 0, 0)||2
37,10,(0, 1, -1)||3
37,0,(-1, 1, 0)||10
37,0,(1, 1, 0)||10
37,10,(0, -1, -1)||11
37,10,(-1, -1, 0)||12
37,10,(1, -1, 0)||8
37,10,(-1, 0, -1)||3
37,26,(1, 0, -1)||2
0,40,(0, -1, 1)||1
0,40,(0, -1, 0)||2
0,35,(0, 0, 1)||5
0,40,(0, -1, -1)||2
35,0,(0, 1, 0)||18
35,10,(0, -1, 0)||18
35,10,(0, 0, 1)||3
35,0,(0, 0, -1)||5
35,0,(-1, 0, 0)||16
35,0,(1, 0, 0)||16
35,35,(0, 1, 1)||1
35,0,(0, 1, -1)||15
35,0,(-1, 1, 0)||16
35,0,(1, 1, 0)||16
35,10,(0, -1, 1)||13
35,16,(0, -1, -1)||1
35,23,(-1, -1, 0)||2
35,0,(1, -1, 0)||10
35,0,(-1, 0, 1)||15
35,0,(1, 0, 1)||16
35,0,(-1, 0, -1)||16
35,0,(1, 0, -1)||15
10,35,(0, 0, -1)||3
10,35,(0, 1, 1)||13
10,32,(-1, -1, 0)||1
10,26,(1, -1, 0)||3
10,37,(0, -1, 1)||3
0,37,(0, -1, 0)||12
0,33,(-1, 1, 0)||2
0,35,(0, -1, 1)||15
0,35,(0, -1, 0)||18
35,35,(0, 0, 1)||10
35,0,(0, 1, 1)||15
35,35,(0, -1, -1)||1
35,0,(-1, -1, 0)||10
35,35,(0, 0, -1)||10
35,10,(0, -1, -1)||13
35,13,(0, 1, 1)||1
35,10,(-1, 0, 1)||1
10,36,(0, 1, 1)||12
33,36,(0, 1, 0)||1
33,33,(-1, 0, 0)||2
33,13,(0, 1, -1)||1
33,23,(-1, 1, 0)||1
33,0,(-1, -1, 0)||1
33,10,(-1, 0, -1)||2
33,0,(1, 0, -1)||1
0,35,(0, -1, -1)||15
13,36,(0, 0, 1)||7
13,33,(0, -1, 1)||1
13,35,(0, -1, -1)||1
13,23,(-1, 0, 1)||4
36,0,(0, 1, 0)||17
36,33,(0, -1, 0)||1
36,13,(0, 0, -1)||7
36,23,(-1, 0, 0)||8
36,0,(1, 0, 0)||14
36,0,(0, 1, -1)||14
36,0,(-1, 1, 0)||10
36,0,(1, 1, 0)||15
36,10,(0, -1, -1)||12
36,33,(-1, -1, 0)||1
36,0,(1, -1, 0)||9
36,17,(-1, 0, -1)||4
36,0,(1, 0, -1)||11
0,36,(0, -1, 1)||14
0,36,(0, -1, 0)||17
0,23,(-1, -1, 0)||10
10,36,(0, 1, 0)||14
10,40,(-1, 1, 0)||2
10,36,(0, 1, -1)||11
39,12,(0, 1, -1)||1
39,10,(-1, 1, 0)||1
9,7,(0, 0, 1)||1
7,9,(0, 0, -1)||1
7,26,(0, 1, 1)||2
10,37,(-1, 1, 0)||8
13,40,(-1, 0, 1)||1
36,10,(0, -1, 0)||14
36,12,(0, 0, 1)||7
36,40,(-1, 0, 0)||1
36,0,(0, 1, 1)||15
36,10,(0, -1, 1)||11
36,10,(-1, -1, 0)||14
36,16,(-1, 0, 1)||4
36,14,(-1, 0, -1)||2
12,36,(0, 0, -1)||7
12,39,(0, -1, 1)||1
12,10,(-1, 0, 1)||2
12,40,(-1, 0, -1)||1
0,35,(-1, 1, 0)||10
0,26,(0, 0, 1)||2
26,0,(0, 0, -1)||2
26,10,(-1, 1, 0)||3
26,7,(0, -1, -1)||2
26,10,(-1, 0, -1)||7
26,38,(0, 0, 1)||2
26,37,(-1, 0, 1)||2
38,26,(0, 0, -1)||2
38,37,(-1, 0, 0)||2
0,40,(-1, -1, 0)||1
0,36,(0, -1, -1)||15
0,35,(-1, 0, 1)||15
0,35,(-1, 0, 0)||16
0,35,(-1, 0, -1)||16
0,37,(-1, -1, 0)||10
0,35,(-1, -1, 0)||16
0,33,(-1, 0, 1)||1
0,36,(-1, 1, 0)||9
0,36,(-1, 0, 1)||11
0,36,(-1, 0, 0)||14
0,36,(-1, -1, 0)||15
2,45,(0, 1, 1)||27
2,45,(0, 1, 0)||30
2,45,(0, 1, -1)||27
10,46,(1, 1, 0)||2
10,24,(1, 0, 1)||5
10,45,(0, 0, 1)||26
45,0,(0, 1, 0)||24
45,2,(0, -1, 0)||30
45,10,(0, 0, 1)||26
45,10,(0, 0, -1)||26
45,8,(1, 0, 0)||2
45,10,(0, 1, 1)||18
45,38,(0, 1, -1)||2
45,0,(1, 1, 0)||24
45,2,(0, -1, 1)||27
45,2,(0, -1, -1)||27
45,2,(1, -1, 0)||27
45,9,(1, 0, 1)||4
45,24,(1, 0, -1)||2
10,45,(0, 0, -1)||26
39,22,(0, 0, 1)||1
22,39,(0, 0, -1)||1
45,6,(1, 0, 0)||4
45,10,(0, 1, -1)||18
45,10,(1, 0, -1)||13
17,46,(1, 0, 1)||1
23,16,(0, 0, 1)||7
23,46,(1, 0, 0)||1
23,12,(1, 0, 1)||4
16,38,(0, 0, 1)||1
16,23,(0, 0, -1)||7
16,46,(1, 0, -1)||1
38,16,(0, 0, -1)||1
38,45,(0, -1, 1)||2
38,24,(1, -1, 0)||1
38,12,(1, 0, -1)||1
0,45,(0, -1, 0)||24
10,45,(0, -1, -1)||18
10,13,(1, 0, 1)||2
10,13,(1, 0, 0)||2
10,3,(1, -1, 0)||3
10,36,(1, 0, 1)||5
10,36,(1, 0, 0)||7
10,45,(0, -1, 1)||18
10,13,(1, 0, -1)||5
0,35,(0, 1, -1)||2
0,36,(1, 0, -1)||3
0,46,(1, -1, 0)||1
12,23,(1, 0, 1)||1
0,16,(1, 0, 1)||9
10,35,(0, 0, 1)||3
10,16,(1, 0, -1)||1
35,10,(0, 0, -1)||3
35,29,(0, 1, -1)||1
35,13,(1, -1, 0)||1
35,0,(0, 0, 1)||5
35,0,(0, -1, 1)||2
35,36,(1, -1, 0)||2
0,35,(0, 0, -1)||5
29,35,(0, -1, 1)||1
2,45,(1, 1, 0)||27
2,45,(-1, 1, 0)||27
10,46,(0, 1, 1)||2
10,46,(0, 1, 0)||2
10,46,(0, 1, -1)||2
10,45,(1, 0, 1)||15
24,8,(0, 0, 1)||1
24,45,(1, 0, 0)||5
24,12,(0, 1, -1)||3
24,38,(-1, 1, 0)||1
24,45,(-1, 0, 1)||2
24,10,(-1, 0, -1)||5
8,24,(0, 0, -1)||1
8,45,(-1, 0, 0)||2
8,45,(1, 0, -1)||1
9,45,(1, 0, 1)||4
9,45,(-1, 0, -1)||4
11,45,(1, 0, 0)||3
10,45,(1, 0, -1)||13
24,3,(0, 0, 1)||2
24,13,(0, 1, 1)||1
3,13,(0, 1, 0)||1
3,24,(0, 0, -1)||2
3,10,(1, 0, 0)||7
3,36,(0, 1, 1)||1
3,0,(0, 1, -1)||3
3,10,(-1, 1, 0)||3
3,30,(1, 1, 0)||1
3,45,(1, 0, -1)||3
10,45,(-1, 0, 1)||13
6,45,(-1, 0, 0)||4
6,45,(1, 0, 0)||4
6,36,(0, 1, -1)||1
6,10,(1, 0, -1)||5
14,46,(0, 0, 1)||1
46,0,(0, 1, 0)||2
46,10,(0, -1, 0)||2
46,12,(0, 0, 1)||1
46,14,(0, 0, -1)||1
46,23,(-1, 0, 0)||1
46,12,(1, 0, 0)||2
46,0,(0, 1, 1)||2
46,0,(0, 1, -1)||1
46,0,(-1, 1, 0)||1
46,0,(1, 1, 0)||2
46,10,(0, -1, 1)||2
46,10,(0, -1, -1)||2
46,10,(-1, -1, 0)||2
46,10,(1, -1, 0)||2
46,16,(-1, 0, 1)||1
46,37,(1, 0, 1)||1
46,17,(-1, 0, -1)||1
46,13,(1, 0, -1)||1
12,46,(0, 0, -1)||1
12,37,(1, 0, 0)||1
12,24,(0, -1, 1)||3
12,38,(-1, 0, 1)||1
12,23,(-1, 0, -1)||4
12,12,(1, 0, -1)||1
0,45,(1, -1, 0)||24
0,37,(1, 0, -1)||6
0,45,(-1, -1, 0)||24
0,23,(0, 1, 1)||1
0,3,(0, -1, 1)||3
13,3,(0, -1, 0)||1
13,10,(-1, 0, 0)||2
13,30,(1, 0, 0)||1
13,35,(-1, 1, 0)||1
13,24,(0, -1, -1)||1
13,10,(1, -1, 0)||2
13,10,(-1, 0, 1)||5
13,37,(1, 0, 1)||1
13,10,(-1, 0, -1)||2
36,0,(0, 0, 1)||3
36,10,(-1, 0, 0)||7
36,37,(1, 0, 0)||1
36,35,(-1, 1, 0)||2
36,6,(0, -1, 1)||1
36,3,(0, -1, -1)||1
36,10,(1, -1, 0)||1
36,0,(-1, 0, 1)||3
36,0,(1, 0, 1)||13
36,10,(-1, 0, -1)||5
36,30,(1, 0, -1)||1
0,36,(0, 0, -1)||3
0,46,(0, -1, 1)||1
0,46,(0, -1, 0)||2
0,46,(0, -1, -1)||2
0,44,(1, 1, 0)||2
0,23,(0, 0, 1)||3
23,0,(0, 0, -1)||3
23,0,(0, -1, -1)||1
23,15,(1, 0, 1)||2
23,12,(-1, 0, -1)||1
23,0,(1, 0, -1)||3
16,10,(-1, 0, 1)||1
16,0,(-1, 0, -1)||9
0,44,(1, 0, 1)||3
10,46,(-1, 1, 0)||2
45,24,(-1, 0, 0)||5
45,27,(1, 0, 0)||4
45,37,(0, 1, -1)||2
45,0,(-1, 1, 0)||24
45,2,(-1, -1, 0)||27
45,8,(-1, 0, 1)||1
45,10,(1, 0, 1)||15
45,10,(-1, 0, -1)||15
45,3,(1, 0, -1)||3
45,11,(-1, 0, 0)||3
45,10,(-1, 0, 1)||13
45,41,(1, 0, 1)||2
45,9,(-1, 0, -1)||4
45,4,(1, 0, 0)||2
45,30,(0, 1, 1)||1
45,3,(-1, 0, 1)||3
45,7,(1, 0, 1)||1
45,9,(1, 0, -1)||4
10,3,(-1, 0, 0)||7
10,13,(-1, 1, 0)||2
10,36,(-1, 1, 0)||1
10,6,(-1, 0, 1)||5
45,6,(-1, 0, 0)||4
45,39,(1, 0, 0)||3
13,24,(1, -1, 0)||1
13,46,(-1, 0, 1)||1
13,10,(1, 0, 1)||2
12,37,(0, 0, 1)||1
12,46,(-1, 0, 0)||2
12,47,(1, 1, 0)||1
12,3,(1, -1, 0)||1
12,12,(-1, 0, 1)||1
12,15,(1, 0, 1)||1
37,0,(0, 0, 1)||9
37,12,(0, 0, -1)||1
37,12,(-1, 0, 0)||1
37,15,(1, 0, 0)||1
37,0,(0, 1, 1)||9
37,0,(0, 1, -1)||7
37,45,(0, -1, 1)||2
37,3,(1, -1, 0)||1
37,0,(-1, 0, 1)||6
37,0,(1, 0, 1)||8
37,46,(-1, 0, -1)||1
37,10,(1, 0, -1)||7
0,37,(0, 0, -1)||9
30,37,(0, 0, 1)||1
30,13,(-1, 0, 0)||1
30,45,(0, -1, -1)||1
30,3,(-1, -1, 0)||1
30,7,(1, -1, 0)||1
30,36,(-1, 0, 1)||1
30,37,(1, 0, 1)||1
37,30,(0, 0, -1)||1
37,36,(-1, 0, 0)||1
37,37,(1, 0, 0)||3
37,13,(-1, 0, -1)||1
37,0,(1, 0, -1)||2
0,36,(-1, 0, -1)||13
0,47,(1, 0, 1)||7
0,47,(1, 0, 0)||2
0,37,(0, -1, 1)||7
0,46,(-1, -1, 0)||2
0,47,(1, 0, -1)||8
0,37,(0, -1, -1)||9
0,44,(0, 1, -1)||2
0,23,(-1, 0, 1)||3
15,0,(1, 0, 0)||2
15,10,(0, 1, -1)||5
15,0,(1, -1, 0)||1
15,23,(-1, 0, -1)||2
15,0,(1, 0, -1)||2
0,47,(1, -1, 0)||6
31,44,(0, 0, 1)||2
31,21,(1, 0, 0)||2
31,37,(1, 0, 1)||1
44,31,(0, 0, -1)||2
44,37,(1, 0, 0)||2
44,0,(0, -1, 1)||2
44,0,(-1, -1, 0)||2
44,0,(1, 0, 1)||5
44,0,(-1, 0, -1)||3
44,21,(1, 0, -1)||1
10,15,(0, -1, 1)||5
2,48,(1, 1, 0)||3
24,10,(0, 1, 1)||1
24,13,(-1, 1, 0)||1
3,3,(0, 0, 1)||2
3,15,(0, 1, 1)||1
3,12,(-1, 1, 0)||1
3,15,(0, 1, 0)||1
3,27,(0, 0, 1)||1
3,3,(0, 0, -1)||2
3,0,(0, 1, 1)||3
3,37,(-1, 1, 0)||1
3,15,(1, 1, 0)||1
3,45,(-1, 0, 1)||3
3,45,(1, 0, 1)||1
27,3,(0, 0, -1)||1
27,45,(-1, 0, 0)||4
27,45,(1, 0, 0)||4
27,15,(0, 1, -1)||1
27,10,(1, 0, 1)||6
10,45,(-1, 0, -1)||15
6,41,(0, 0, 1)||1
6,48,(1, 0, 1)||1
41,6,(0, 0, -1)||1
41,48,(1, 0, 0)||1
41,0,(1, 1, 0)||5
41,45,(-1, 0, -1)||2
41,45,(1, 0, -1)||1
9,45,(-1, 0, 1)||4
9,48,(1, 0, -1)||2
4,7,(0, 0, 1)||1
4,45,(-1, 0, 0)||2
4,45,(1, 0, 0)||2
4,0,(0, 1, 1)||3
4,33,(1, 1, 0)||1
7,4,(0, 0, -1)||1
7,10,(1, 0, 0)||1
7,37,(0, 1, 1)||1
7,30,(-1, 1, 0)||1
7,10,(1, 1, 0)||1
7,45,(-1, 0, -1)||1
7,45,(1, 0, -1)||1
39,45,(-1, 0, 0)||3
39,37,(0, 1, -1)||1
0,47,(0, 1, 1)||7
10,47,(0, 1, 0)||8
10,24,(0, -1, -1)||1
10,37,(-1, 0, 1)||7
10,15,(1, 0, 1)||3
10,13,(-1, 0, -1)||2
15,3,(0, -1, 0)||1
15,37,(-1, 0, 0)||1
15,47,(0, 1, -1)||1
15,27,(0, -1, 1)||1
15,3,(0, -1, -1)||1
15,12,(-1, 0, -1)||1
0,3,(0, -1, -1)||3
0,37,(-1, 0, -1)||8
0,48,(1, -1, 0)||6
0,15,(-1, 1, 0)||1
0,37,(0, 0, 1)||1
0,4,(0, -1, -1)||3
0,37,(-1, 0, 1)||2
0,33,(1, 0, -1)||1
37,0,(0, 0, -1)||1
37,37,(-1, 0, 0)||3
37,10,(1, 0, 0)||2
37,23,(1, 1, 0)||1
37,39,(0, -1, 1)||1
37,7,(0, -1, -1)||1
37,10,(1, 0, 1)||1
37,30,(-1, 0, -1)||1
0,47,(0, 0, 1)||8
47,0,(0, 1, 0)||8
47,10,(0, -1, 0)||8
47,0,(0, 0, 1)||8
47,0,(0, 0, -1)||8
47,0,(-1, 0, 0)||2
47,10,(1, 0, 0)||2
47,0,(0, 1, 1)||8
47,0,(0, 1, -1)||8
47,0,(-1, 1, 0)||6
47,47,(1, 1, 0)||1
47,15,(0, -1, 1)||1
47,0,(0, -1, -1)||7
47,12,(-1, -1, 0)||1
47,10,(1, -1, 0)||6
47,0,(-1, 0, 1)||8
47,0,(1, 0, 1)||7
47,0,(-1, 0, -1)||7
47,0,(1, 0, -1)||8
0,47,(0, 0, -1)||8
0,37,(0, 1, -1)||6
0,28,(1, 0, -1)||1
0,15,(-1, 0, 1)||2
0,15,(-1, 0, 0)||2
0,47,(0, -1, 1)||8
0,47,(0, -1, 0)||8
0,47,(0, -1, -1)||8
21,37,(0, 0, 1)||2
21,31,(-1, 0, 0)||2
21,10,(1, 0, 0)||2
21,0,(0, 1, 1)||7
21,29,(1, 1, 0)||1
21,44,(-1, 0, 1)||1
21,0,(1, 0, 1)||3
21,0,(1, 0, -1)||6
37,21,(0, 0, -1)||2
37,44,(-1, 0, 0)||2
37,0,(1, 0, 0)||2
37,0,(0, -1, 1)||6
37,28,(1, -1, 0)||2
37,31,(-1, 0, -1)||1
0,44,(-1, 0, -1)||5
0,21,(0, -1, -1)||7
2,48,(0, 1, 1)||2
2,48,(0, 1, 0)||3
2,48,(0, 1, -1)||3
45,48,(1, 0, 0)||1
10,48,(1, 0, -1)||3
45,27,(-1, 0, 0)||4
45,15,(0, 1, -1)||2
45,3,(-1, 0, -1)||1
10,27,(-1, 0, -1)||6
10,49,(1, 1, 0)||6
45,48,(0, 0, 1)||1
45,22,(1, 0, 0)||5
45,0,(0, 1, 1)||1
45,41,(-1, 0, 1)||1
48,0,(0, 1, 0)||6
48,2,(0, -1, 0)||3
48,10,(0, 0, 1)||6
48,45,(0, 0, -1)||1
48,41,(-1, 0, 0)||1
48,10,(1, 0, 0)||6
48,10,(0, 1, 1)||5
48,0,(0, 1, -1)||3
48,0,(-1, 1, 0)||6
48,48,(1, 1, 0)||1
48,2,(0, -1, 1)||3
48,2,(0, -1, -1)||2
48,2,(-1, -1, 0)||3
48,2,(1, -1, 0)||3
48,9,(-1, 0, 1)||2
48,10,(1, 0, 1)||5
48,6,(-1, 0, -1)||1
48,22,(1, 0, -1)||1
10,48,(0, 0, -1)||6
45,33,(0, 1, 0)||3
45,4,(-1, 0, 0)||2
45,45,(1, 0, 0)||6
45,33,(1, 1, 0)||2
45,7,(-1, 0, 1)||1
10,7,(-1, 0, 0)||1
10,47,(-1, 1, 0)||6
15,45,(0, -1, 1)||2
15,3,(-1, -1, 0)||1
15,10,(-1, 0, -1)||3
10,49,(1, 0, 1)||4
10,49,(1, 0, 0)||6
10,50,(1, 1, 0)||2
0,28,(0, 1, -1)||1
0,48,(0, -1, 1)||3
0,48,(1, 0, 1)||2
0,49,(1, 0, -1)||3
0,48,(0, -1, 0)||6
0,48,(1, 0, 0)||1
0,45,(0, -1, -1)||1
0,41,(-1, -1, 0)||5
10,48,(0, -1, -1)||5
33,10,(0, 1, 0)||2
33,45,(0, -1, 0)||3
33,23,(0, 1, 1)||1
33,10,(0, 1, -1)||2
33,10,(1, 1, 0)||1
33,4,(-1, -1, 0)||1
33,45,(1, -1, 0)||1
33,0,(-1, 0, 1)||1
33,10,(1, 0, 1)||1
10,7,(-1, -1, 0)||1
10,37,(-1, 0, 0)||2
10,37,(-1, 0, -1)||1
0,47,(-1, 0, 1)||8
10,47,(-1, 0, 0)||2
10,47,(1, 1, 0)||6
0,47,(0, 1, -1)||7
0,47,(-1, 0, -1)||7
10,50,(1, 0, 1)||1
28,0,(0, 0, 1)||2
28,50,(1, 0, 0)||1
28,0,(0, 1, 1)||3
28,37,(-1, 1, 0)||2
28,0,(0, -1, 1)||1
28,49,(1, -1, 0)||1
28,0,(-1, 0, 1)||1
28,0,(1, 0, 1)||2
28,0,(1, 0, -1)||1
0,28,(0, 0, -1)||2
0,50,(1, 0, -1)||2
10,33,(0, -1, 1)||2
10,33,(0, -1, 0)||2
10,23,(0, 0, 1)||1
10,33,(1, -1, 0)||1
23,10,(0, 0, -1)||1
23,23,(0, 1, -1)||1
23,33,(0, -1, -1)||1
23,36,(1, 0, 1)||2
23,37,(-1, -1, 0)||1
23,36,(1, 0, -1)||2
47,47,(1, 0, 0)||4
47,0,(1, 1, 0)||6
47,0,(0, -1, 1)||7
47,47,(-1, -1, 0)||1
0,21,(-1, 0, 1)||6
10,21,(-1, 0, 0)||2
0,37,(-1, 0, 0)||2
0,50,(1, -1, 0)||2
0,21,(-1, 0, -1)||3
0,28,(0, -1, -1)||3
23,23,(0, -1, 1)||1
29,21,(-1, -1, 0)||1
2,48,(-1, 1, 0)||3
48,45,(-1, 0, 0)||1
48,21,(1, 1, 0)||2
48,10,(-1, 0, 1)||3
39,41,(0, 0, 1)||1
39,15,(0, 1, -1)||1
39,45,(1, 0, 1)||1
41,39,(0, 0, -1)||1
41,45,(1, 0, 0)||2
41,49,(0, 1, 1)||2
9,49,(0, 1, 0)||4
9,45,(1, 0, -1)||4
22,45,(-1, 0, 0)||5
22,48,(0, 1, 1)||1
22,49,(0, 1, -1)||1
22,48,(-1, 0, 1)||1
10,48,(0, 1, 0)||3
10,48,(-1, 0, 0)||6
10,48,(0, 1, -1)||3
10,48,(-1, 0, -1)||5
45,45,(-1, 0, 0)||6
45,33,(-1, 1, 0)||1
0,21,(1, 0, 0)||2
10,40,(1, 0, 1)||1
15,40,(1, 0, 0)||1
15,39,(0, -1, 1)||1
15,16,(1, 0, 1)||1
0,40,(1, 0, -1)||1
0,49,(0, 0, 1)||3
0,50,(0, 1, 1)||2
49,50,(0, 1, 0)||1
49,9,(0, -1, 0)||4
49,0,(0, 0, 1)||4
49,0,(0, 0, -1)||3
49,10,(-1, 0, 0)||6
49,10,(1, 0, 0)||4
49,0,(0, 1, 1)||4
49,0,(0, 1, -1)||3
49,28,(-1, 1, 0)||1
49,21,(1, 1, 0)||1
49,22,(0, -1, 1)||1
49,41,(0, -1, -1)||2
49,10,(-1, -1, 0)||6
49,10,(1, -1, 0)||4
49,0,(-1, 0, 1)||3
49,10,(1, 0, 1)||3
49,10,(-1, 0, -1)||4
49,0,(1, 0, -1)||2
0,48,(0, 0, 1)||2
0,49,(0, 0, -1)||4
0,50,(0, 1, -1)||2
48,10,(0, -1, 0)||3
48,0,(0, 0, -1)||2
48,0,(-1, 0, 0)||1
48,51,(1, 1, 0)||1
48,10,(0, -1, 1)||3
48,22,(0, -1, -1)||1
48,48,(-1, -1, 0)||1
48,10,(1, -1, 0)||3
48,0,(-1, 0, -1)||2
48,10,(1, 0, -1)||2
33,36,(0, 1, 1)||1
33,10,(-1, 1, 0)||1
33,45,(-1, -1, 0)||2
10,33,(-1, 0, -1)||1
0,50,(0, 0, 1)||2
0,49,(0, -1, 1)||3
0,28,(-1, 0, 1)||1
50,0,(0, 1, 0)||2
50,49,(0, -1, 0)||1
50,0,(0, 0, 1)||2
50,0,(0, 0, -1)||2
50,28,(-1, 0, 0)||1
50,21,(1, 0, 0)||1
50,0,(0, 1, 1)||2
50,0,(0, 1, -1)||2
50,0,(-1, 1, 0)||2
50,0,(1, 1, 0)||2
50,0,(0, -1, 1)||2
50,0,(0, -1, -1)||2
50,10,(-1, -1, 0)||2
50,10,(1, -1, 0)||2
50,0,(-1, 0, 1)||2
50,20,(1, 0, 1)||1
50,10,(-1, 0, -1)||1
50,0,(1, 0, -1)||2
0,50,(0, 0, -1)||2
0,49,(0, -1, -1)||4
0,51,(1, 0, 1)||1
0,28,(-1, 0, -1)||2
0,21,(1, 0, -1)||2
0,51,(1, 0, 0)||1
0,37,(1, 0, 1)||3
10,37,(1, 0, 0)||2
10,51,(1, 0, -1)||1
10,36,(0, 0, 1)||2
10,33,(-1, -1, 0)||1
10,37,(1, 0, -1)||1
36,36,(0, 0, 1)||4
36,10,(0, 0, -1)||2
36,36,(0, 1, -1)||1
36,33,(0, -1, -1)||1
36,23,(-1, 0, 1)||2
36,36,(0, 0, -1)||4
36,23,(-1, 0, -1)||2
47,47,(-1, 0, 0)||4
47,10,(-1, -1, 0)||6
0,50,(0, -1, 1)||2
0,50,(0, -1, 0)||2
0,50,(0, -1, -1)||2
0,51,(1, -1, 0)||1
13,37,(1, -1, 0)||1
36,36,(0, -1, 1)||1
0,47,(-1, -1, 0)||6
45,41,(-1, 0, 0)||2
45,16,(0, 1, -1)||1
45,9,(-1, 0, 1)||4
45,39,(-1, 0, -1)||1
10,49,(-1, 1, 0)||4
10,48,(-1, 1, 0)||3
9,31,(1, 1, 0)||2
21,0,(-1, 0, 0)||2
21,21,(1, 0, 0)||3
21,10,(0, 1, 1)||3
21,48,(-1, -1, 0)||2
21,10,(1, 0, 1)||3
10,40,(0, 0, 1)||1
40,10,(0, 0, -1)||1
40,15,(-1, 0, 0)||1
40,10,(1, 0, 0)||1
40,10,(0, 1, -1)||1
40,10,(1, 1, 0)||1
40,0,(-1, 0, 1)||1
40,15,(1, 0, 1)||1
40,10,(-1, 0, -1)||1
40,10,(1, 0, -1)||1
16,45,(0, -1, 1)||1
16,15,(-1, 0, -1)||1
0,49,(-1, 0, 1)||2
10,49,(-1, 0, 0)||4
10,50,(-1, 1, 0)||2
10,51,(0, 1, 1)||1
10,48,(-1, 0, 1)||2
10,49,(-1, 0, -1)||3
10,51,(0, 1, 0)||1
10,51,(0, 1, -1)||1
10,40,(0, -1, 1)||1
10,21,(0, -1, -1)||3
0,50,(-1, 0, 1)||2
21,20,(0, 0, 1)||1
21,50,(-1, 0, 0)||1
21,49,(-1, -1, 0)||1
21,0,(-1, 0, 1)||2
20,51,(0, 0, 1)||1
20,21,(0, 0, -1)||1
20,10,(1, 0, 0)||5
20,35,(1, 1, 0)||1
20,50,(-1, 0, -1)||1
20,21,(1, 0, -1)||2
51,0,(0, 1, 0)||1
51,10,(0, -1, 0)||1
51,37,(0, 0, 1)||1
51,20,(0, 0, -1)||1
51,0,(-1, 0, 0)||1
51,10,(1, 0, 0)||1
51,0,(0, 1, 1)||1
51,0,(0, 1, -1)||1
51,0,(-1, 1, 0)||1
51,35,(1, 1, 0)||1
51,10,(0, -1, 1)||1
51,10,(0, -1, -1)||1
51,48,(-1, -1, 0)||1
51,10,(1, -1, 0)||1
51,10,(-1, 0, 1)||1
51,10,(1, 0, 1)||1
51,0,(-1, 0, -1)||1
51,10,(1, 0, -1)||1
37,51,(0, 0, -1)||1
37,10,(-1, 0, 0)||2
37,13,(-1, 1, 0)||1
37,35,(1, 1, 0)||1
37,10,(-1, 0, 1)||1
37,0,(-1, 0, -1)||3
47,17,(1, 1, 0)||1
47,10,(1, 0, 1)||1
0,50,(-1, -1, 0)||2
0,51,(0, -1, 1)||1
0,51,(0, -1, 0)||1
0,51,(0, -1, -1)||1
45,31,(0, 1, 1)||2
21,21,(-1, 0, 0)||3
21,30,(1, 0, 0)||2
10,40,(-1, 0, 1)||1
10,21,(-1, 0, -1)||3
10,40,(-1, 0, 0)||1
15,34,(1, 1, 0)||1
15,33,(1, 0, 1)||1
15,40,(-1, 0, -1)||1
15,7,(1, 0, -1)||1
10,12,(1, 0, 0)||1
10,51,(-1, 1, 0)||1
31,10,(0, 0, 1)||1
31,17,(0, 1, 1)||1
31,45,(0, -1, -1)||2
31,9,(-1, -1, 0)||2
31,10,(1, 0, 1)||3
10,31,(0, 0, -1)||1
10,40,(-1, -1, 0)||1
10,34,(1, 0, 1)||1
0,38,(1, 0, 1)||1
0,34,(1, 0, -1)||1
21,38,(1, 0, 0)||1
21,35,(0, 1, 1)||1
21,20,(-1, 0, 1)||2
10,20,(-1, 0, 0)||5
10,13,(1, -1, 0)||1
10,51,(-1, 0, 1)||1
10,38,(1, 0, -1)||1
10,51,(-1, 0, 0)||1
10,12,(1, -1, 0)||1
10,51,(-1, 0, -1)||1
17,31,(0, -1, -1)||1
0,49,(1, 0, 1)||1
10,47,(-1, 0, -1)||1
10,49,(1, 0, -1)||2
35,21,(0, -1, -1)||1
35,20,(-1, -1, 0)||1
35,51,(-1, -1, 0)||1
35,37,(-1, -1, 0)||1
17,47,(-1, -1, 0)||1
17,49,(1, -1, 0)||1
16,49,(1, -1, 0)||1
10,7,(0, 1, 1)||1
10,13,(0, 1, 1)||3
24,22,(0, 0, 1)||2
22,24,(0, 0, -1)||2
22,30,(0, 1, 1)||1
30,21,(-1, 0, 0)||2
26,7,(0, 0, 1)||1
7,26,(0, 0, -1)||1
7,34,(0, 1, 1)||1
7,10,(0, -1, -1)||1
7,15,(-1, 0, 1)||1
10,34,(0, 1, 0)||2
33,38,(0, 1, 1)||1
33,34,(0, 1, -1)||1
33,15,(-1, 0, -1)||1
10,13,(0, 0, 1)||2
13,10,(0, 0, -1)||2
13,38,(0, 1, -1)||1
13,10,(-1, 1, 0)||1
13,10,(0, -1, -1)||3
12,10,(-1, 0, 0)||1
12,10,(-1, 1, 0)||1
30,10,(0, 0, 1)||1
30,13,(0, 1, 1)||1
30,22,(0, -1, -1)||1
10,30,(0, 0, -1)||1
10,31,(-1, 0, -1)||3
0,49,(0, 1, 1)||2
0,49,(0, 1, 0)||2
0,34,(0, 0, 1)||1
0,49,(0, 1, -1)||1
34,10,(0, -1, 0)||2
34,34,(0, 0, 1)||2
34,0,(0, 0, -1)||1
34,49,(0, 1, -1)||1
34,33,(0, -1, 1)||1
34,7,(0, -1, -1)||1
34,15,(-1, -1, 0)||1
34,0,(-1, 0, 1)||1
34,10,(-1, 0, -1)||1
34,38,(0, 0, 1)||1
34,34,(0, 0, -1)||2
38,34,(0, 0, -1)||1
38,21,(-1, 0, 0)||1
38,13,(0, -1, 1)||1
38,33,(0, -1, -1)||1
38,10,(-1, 0, 1)||1
38,0,(-1, 0, -1)||1
13,30,(0, -1, -1)||1
49,14,(0, 1, 0)||1
49,0,(0, -1, 0)||2
49,49,(0, 0, 1)||2
49,15,(0, 1, 1)||1
49,17,(-1, 1, 0)||1
49,0,(0, -1, 1)||1
49,0,(0, -1, -1)||2
49,10,(-1, 0, 1)||2
49,0,(-1, 0, -1)||1
49,15,(0, 1, 0)||1
49,49,(0, 0, -1)||2
49,14,(0, 1, -1)||1
49,16,(-1, 1, 0)||1
49,34,(0, -1, 1)||1
14,49,(0, -1, 0)||1
14,49,(0, -1, 1)||1
15,49,(0, -1, 0)||1
15,49,(0, -1, -1)||1
2,43,(0, 1, 1)||3
2,43,(0, 1, 0)||3
2,43,(0, 1, -1)||3
43,2,(0, -1, 0)||3
43,9,(0, 0, 1)||1
43,2,(0, -1, 1)||3
43,2,(0, -1, -1)||3
43,2,(1, -1, 0)||3
43,10,(1, 0, 1)||3
9,43,(0, 0, -1)||1
11,3,(1, 0, 0)||2
11,17,(0, 1, 1)||1
11,10,(1, 1, 0)||1
10,52,(1, 1, 0)||2
20,10,(1, 1, 0)||3
20,10,(1, 0, -1)||3
17,11,(0, -1, -1)||1
17,52,(1, 0, 1)||1
17,10,(1, 0, -1)||2
23,52,(1, 0, 0)||1
16,52,(1, 0, -1)||1
0,53,(1, 1, 0)||2
0,52,(1, -1, 0)||1
0,53,(1, 0, 0)||3
0,53,(1, 0, -1)||1
0,53,(1, -1, 0)||3
2,43,(-1, 1, 0)||3
10,48,(1, 1, 0)||1
10,43,(-1, 0, -1)||3
3,11,(-1, 0, 0)||2
3,13,(0, 1, 1)||1
3,36,(1, 1, 0)||1
10,52,(0, 1, 1)||2
10,52,(0, 1, 0)||2
10,52,(0, 1, -1)||2
21,48,(1, 0, 0)||1
10,20,(-1, 0, 1)||3
10,46,(1, 0, 1)||1
10,46,(1, 0, 0)||1
10,46,(1, 0, -1)||1
10,36,(1, 0, -1)||3
10,11,(-1, -1, 0)||1
10,17,(-1, 0, 1)||2
13,52,(0, 0, 1)||2
13,26,(1, 0, 0)||1
13,35,(0, 1, -1)||1
13,3,(0, -1, -1)||1
13,13,(1, 0, 1)||1
13,36,(1, 0, -1)||1
52,0,(0, 1, 0)||2
52,10,(0, -1, 0)||2
52,15,(0, 0, 1)||1
52,13,(0, 0, -1)||2
52,23,(-1, 0, 0)||1
52,13,(1, 0, 0)||1
52,0,(0, 1, 1)||1
52,0,(0, 1, -1)||2
52,0,(-1, 1, 0)||1
52,0,(1, 1, 0)||2
52,10,(0, -1, 1)||2
52,10,(0, -1, -1)||2
52,10,(-1, -1, 0)||2
52,10,(1, -1, 0)||2
52,16,(-1, 0, 1)||1
52,12,(1, 0, 1)||1
52,17,(-1, 0, -1)||1
52,26,(1, 0, -1)||1
15,52,(0, 0, -1)||1
0,53,(0, 1, 0)||2
10,53,(0, 1, -1)||6
10,20,(-1, -1, 0)||3
10,46,(1, -1, 0)||1
10,36,(1, -1, 0)||5
35,35,(0, 1, -1)||1
35,13,(0, -1, 1)||1
0,52,(0, -1, 1)||2
0,52,(0, -1, 0)||2
0,52,(0, -1, -1)||1
53,23,(0, 1, 0)||1
53,0,(0, -1, 0)||2
53,10,(0, 0, 1)||6
53,0,(-1, 0, 0)||3
53,53,(1, 0, 0)||2
53,16,(0, 1, 1)||1
53,0,(-1, 1, 0)||3
53,36,(1, 1, 0)||1
53,10,(0, -1, 1)||6
53,0,(-1, -1, 0)||2
53,0,(1, -1, 0)||1
53,0,(-1, 0, 1)||1
53,10,(1, 0, 1)||2
10,53,(0, 0, -1)||6
10,53,(1, 0, -1)||4
35,16,(0, 1, -1)||1
35,10,(1, 0, -1)||1
35,35,(0, -1, 1)||1
23,53,(0, -1, 0)||1
23,53,(1, -1, 0)||1
16,35,(0, -1, 1)||1
16,53,(0, -1, -1)||1
3,36,(0, 1, 0)||1
3,8,(1, 0, 0)||1
3,26,(0, 1, 1)||1
3,36,(0, 1, -1)||1
3,9,(1, 0, -1)||1
10,52,(-1, 1, 0)||2
48,21,(-1, 0, 0)||1
48,25,(1, 1, 0)||1
48,10,(-1, -1, 0)||1
48,36,(1, 0, 1)||1
10,46,(0, 0, 1)||1
46,36,(0, 0, 1)||1
46,10,(0, 0, -1)||1
46,10,(-1, 0, 0)||1
46,10,(0, 1, -1)||1
46,10,(-1, 1, 0)||1
46,10,(-1, 0, 1)||1
46,0,(1, 0, 1)||1
46,10,(-1, 0, -1)||1
46,36,(1, 0, -1)||1
36,46,(0, 0, -1)||1
36,10,(-1, 1, 0)||5
36,24,(1, -1, 0)||1
36,10,(-1, 0, 1)||3
36,12,(1, 0, -1)||1
36,3,(0, -1, 1)||1
36,9,(1, -1, 0)||2
36,3,(0, -1, 0)||1
36,26,(0, 0, 1)||1
36,3,(-1, -1, 0)||1
36,8,(1, -1, 0)||1
36,13,(-1, 0, 1)||1
26,13,(0, 0, 1)||1
26,36,(0, 0, -1)||1
26,13,(-1, 0, 0)||1
26,3,(0, -1, -1)||1
26,9,(1, -1, 0)||2
26,52,(-1, 0, 1)||1
13,26,(0, 0, -1)||1
13,52,(-1, 0, 0)||1
13,11,(1, -1, 0)||3
13,30,(1, 0, 1)||1
13,13,(-1, 0, -1)||1
12,30,(1, 0, 0)||1
12,52,(-1, 0, -1)||1
0,25,(1, 0, 0)||1
0,53,(-1, 1, 0)||1
10,46,(0, -1, 1)||1
10,25,(1, 0, -1)||1
0,52,(-1, -1, 0)||2
53,36,(0, 1, 0)||1
53,53,(-1, 0, 0)||2
53,0,(1, 0, 0)||4
53,12,(0, 1, 1)||1
53,23,(-1, 1, 0)||1
53,0,(1, 1, 0)||4
53,25,(1, -1, 0)||1
53,10,(-1, 0, 1)||4
53,0,(1, 0, 1)||3
10,35,(-1, 0, 1)||1
10,53,(-1, 0, -1)||2
36,53,(0, -1, 0)||1
36,53,(-1, -1, 0)||1
12,53,(0, -1, -1)||1
24,27,(1, 0, 0)||1
24,36,(-1, 1, 0)||1
24,9,(1, 0, -1)||1
9,36,(-1, 1, 0)||2
9,3,(-1, 0, 1)||1
9,27,(1, 0, -1)||2
8,3,(-1, 0, 0)||1
8,36,(-1, 1, 0)||1
9,26,(-1, 1, 0)||2
9,6,(1, 0, 1)||1
11,6,(1, 0, 0)||1
11,30,(0, 1, 1)||1
11,13,(-1, 1, 0)||3
11,9,(1, 0, 1)||2
36,25,(0, 1, -1)||1
36,46,(-1, 0, 1)||1
36,48,(-1, 0, -1)||1
36,49,(1, 0, -1)||1
12,9,(1, -1, 0)||1
12,36,(-1, 0, 1)||1
0,46,(-1, 0, -1)||1
30,12,(-1, 0, 0)||1
30,11,(0, -1, -1)||1
30,13,(-1, 0, -1)||1
25,0,(0, 0, 1)||2
25,0,(-1, 0, 0)||1
25,0,(0, 1, 1)||2
25,53,(-1, 1, 0)||1
25,36,(0, -1, 1)||1
25,48,(-1, -1, 0)||1
25,49,(1, -1, 0)||1
25,10,(-1, 0, 1)||1
25,0,(1, 0, 1)||1
0,25,(0, 0, -1)||2
0,25,(1, 0, -1)||1
0,53,(-1, 0, 0)||4
0,25,(0, -1, -1)||2
0,53,(-1, 0, -1)||3
0,53,(-1, -1, 0)||4
9,49,(0, 1, -1)||2
9,12,(-1, 1, 0)||1
9,24,(-1, 0, 1)||1
27,24,(-1, 0, 0)||1
27,5,(1, 0, 0)||2
27,53,(1, 1, 0)||2
27,9,(-1, 0, 1)||2
6,11,(-1, 0, 0)||1
6,5,(1, 0, 0)||1
6,9,(-1, 0, -1)||1
9,11,(-1, 0, -1)||2
49,25,(0, 1, 0)||1
49,25,(-1, 1, 0)||1
49,30,(1, 1, 0)||1
49,9,(0, -1, 1)||2
49,36,(-1, 0, 1)||1
0,25,(0, 1, -1)||1
0,53,(1, 0, 1)||2
25,49,(0, -1, 0)||1
25,30,(1, 0, 0)||1
25,0,(0, -1, 1)||1
25,0,(-1, 0, 1)||1
25,20,(1, 0, 1)||1
0,25,(-1, 0, -1)||1
0,30,(1, 0, -1)||1
0,7,(1, 0, 1)||1
10,34,(1, 0, -1)||1
20,44,(0, 0, 1)||2
20,29,(0, 1, -1)||1
20,38,(1, 0, 1)||1
44,20,(0, 0, -1)||2
44,38,(1, 0, 0)||2
44,26,(1, 0, -1)||1
0,38,(1, 0, -1)||3
29,20,(0, -1, 1)||1
10,53,(0, 1, 1)||4
5,53,(0, 1, 0)||1
5,27,(-1, 0, 0)||2
5,39,(1, 0, 0)||1
5,6,(-1, 0, 0)||1
5,22,(1, 0, 0)||1
10,17,(1, 0, 0)||2
10,17,(1, 0, -1)||2
10,53,(0, 0, 1)||4
53,34,(0, 1, 0)||2
53,5,(0, -1, 0)||1
53,10,(0, 0, -1)||4
53,7,(0, 1, 1)||1
53,20,(0, 1, -1)||1
53,10,(0, -1, -1)||4
53,27,(-1, -1, 0)||2
53,39,(1, -1, 0)||1
53,0,(-1, 0, -1)||2
53,10,(1, 0, -1)||3
30,20,(0, 0, 1)||1
30,25,(-1, 0, 0)||1
30,49,(-1, -1, 0)||1
30,17,(1, -1, 0)||1
30,0,(-1, 0, 1)||1
30,10,(1, 0, 1)||1
20,30,(0, 0, -1)||1
20,19,(1, 1, 0)||1
20,37,(1, 0, 1)||2
20,25,(-1, 0, -1)||1
20,34,(0, 0, 1)||1
20,37,(1, 0, 0)||1
20,53,(0, -1, 1)||1
34,53,(0, -1, 0)||2
34,7,(0, 0, 1)||1
34,20,(0, 0, -1)||1
34,10,(-1, 0, 1)||1
34,37,(1, 0, -1)||2
7,34,(0, 0, -1)||1
7,53,(0, -1, -1)||1
7,0,(1, -1, 0)||1
7,0,(1, 0, 1)||1
7,0,(-1, 0, -1)||1
0,38,(0, 1, -1)||2
26,44,(-1, 0, 1)||1
38,44,(-1, 0, 0)||2
38,0,(0, -1, 1)||2
38,0,(1, -1, 0)||2
38,0,(-1, 0, 1)||3
38,20,(-1, 0, -1)||1
2,43,(1, 1, 0)||2
39,5,(-1, 0, 0)||1
39,53,(-1, 1, 0)||1
39,43,(1, 1, 0)||1
39,43,(1, 0, 1)||1
9,43,(1, 0, 0)||1
9,0,(1, 1, 0)||1
9,27,(1, 0, 1)||1
41,27,(1, 0, 0)||1
41,43,(1, 0, -1)||1
22,5,(-1, 0, 0)||1
17,10,(0, 0, 1)||2
17,10,(-1, 0, 0)||2
17,10,(0, 1, 1)||1
17,30,(-1, 1, 0)||1
17,10,(-1, 0, 1)||2
10,17,(0, 0, -1)||2
10,54,(1, 1, 0)||1
10,53,(-1, 0, 1)||3
10,43,(1, 0, 1)||2
0,7,(-1, 1, 0)||1
0,15,(1, 1, 0)||1
0,19,(0, 1, 1)||3
10,17,(0, -1, -1)||1
10,54,(1, 0, 1)||1
10,30,(-1, 0, -1)||1
37,20,(-1, 0, 0)||1
37,54,(1, 0, 0)||1
37,19,(0, 1, -1)||1
37,34,(-1, 0, 1)||2
37,20,(-1, 0, -1)||2
0,54,(1, 0, -1)||1
0,7,(-1, 0, -1)||1
0,38,(-1, 1, 0)||2
13,15,(1, 0, -1)||1
19,37,(0, -1, 1)||1
19,0,(0, -1, -1)||3
19,20,(-1, -1, 0)||1
0,54,(1, -1, 0)||1
43,27,(0, 0, 1)||1
43,9,(-1, 0, 0)||1
43,43,(0, 1, -1)||1
43,2,(-1, -1, 0)||2
43,41,(-1, 0, 1)||1
43,5,(1, 0, 1)||1
43,39,(-1, 0, -1)||1
27,43,(0, 0, -1)||1
27,41,(-1, 0, 0)||1
27,9,(-1, 0, -1)||1
24,39,(1, 0, 0)||1
13,10,(0, 0, 1)||1
13,10,(0, 1, 1)||1
10,13,(0, 0, -1)||1
10,54,(0, 1, 1)||1
10,54,(0, 1, 0)||1
43,0,(0, 0, 1)||1
43,54,(0, 1, -1)||1
43,43,(0, -1, 1)||1
43,39,(-1, -1, 0)||1
43,10,(-1, 0, -1)||2
0,43,(0, 0, -1)||1
0,9,(-1, -1, 0)||1
10,54,(0, 0, 1)||1
10,13,(0, -1, -1)||1
54,0,(0, 1, 0)||1
54,10,(0, -1, 0)||1
54,0,(0, 0, 1)||1
54,10,(0, 0, -1)||1
54,37,(-1, 0, 0)||1
54,26,(1, 0, 0)||1
54,0,(0, 1, 1)||1
54,19,(0, 1, -1)||1
54,0,(-1, 1, 0)||1
54,0,(1, 1, 0)||1
54,43,(0, -1, 1)||1
54,10,(0, -1, -1)||1
54,10,(-1, -1, 0)||1
54,10,(1, -1, 0)||1
54,0,(-1, 0, 1)||1
54,10,(1, 0, 1)||1
54,10,(-1, 0, -1)||1
54,10,(1, 0, -1)||1
0,54,(0, 0, -1)||1
0,36,(1, 0, 1)||2
15,0,(-1, -1, 0)||1
15,13,(-1, 0, 1)||1
15,36,(1, 0, -1)||2
19,54,(0, -1, 1)||1
0,54,(0, -1, 0)||1
0,54,(0, -1, -1)||1
5,4,(1, 0, 0)||1
5,43,(-1, 0, -1)||1
39,24,(-1, 0, 0)||1
10,54,(-1, 1, 0)||1
0,36,(0, 1, 1)||1
10,26,(0, 0, 1)||2
10,54,(-1, 0, 1)||1
26,10,(0, 0, -1)||2
26,54,(-1, 0, 0)||1
26,17,(0, 1, 1)||1
26,19,(0, 1, -1)||1
26,10,(1, 0, 1)||1
10,49,(1, -1, 0)||2
10,54,(-1, 0, -1)||1
0,36,(0, 0, 1)||2
36,0,(0, 0, -1)||2
36,0,(0, -1, -1)||1
36,15,(-1, 0, 1)||2
36,0,(-1, 0, -1)||2
12,10,(1, 0, 1)||1
19,26,(0, -1, 1)||1
19,0,(1, -1, 0)||2
0,54,(-1, -1, 0)||1
17,26,(0, -1, -1)||1
39,31,(1, 1, 0)||1
41,5,(1, 0, 0)||1
9,49,(0, 1, 1)||1
9,48,(1, 0, 1)||1
4,5,(-1, 0, 0)||1
4,48,(1, 0, 0)||1
4,49,(0, 1, -1)||1
11,17,(1, 1, 0)||1
49,10,(0, 1, 0)||2
49,10,(0, 1, 1)||1
49,10,(-1, 1, 0)||2
49,14,(1, 1, 0)||1
49,10,(0, 1, -1)||1
49,15,(1, 1, 0)||1
49,4,(0, -1, 1)||1
49,9,(0, -1, -1)||1
49,0,(1, 0, 1)||1
49,10,(1, 0, -1)||1
0,19,(-1, 1, 0)||2
10,49,(0, -1, 0)||2
10,14,(1, 0, 0)||2
10,49,(0, -1, 1)||1
10,26,(-1, 0, -1)||1
10,15,(1, 0, 0)||1
10,49,(0, -1, -1)||1
10,14,(1, 0, -1)||5
10,19,(1, 0, 0)||1
10,12,(-1, 0, -1)||1
14,14,(1, -1, 0)||1
15,15,(1, -1, 0)||1
29,19,(1, -1, 0)||1
5,41,(-1, 0, 0)||1
5,44,(0, 1, -1)||1
10,48,(0, 0, 1)||1
48,10,(0, 0, -1)||1
48,4,(-1, 0, 0)||1
48,31,(0, 1, 1)||1
48,10,(0, 1, -1)||1
48,26,(1, 1, 0)||1
48,9,(-1, 0, -1)||1
10,17,(0, 1, 1)||2
3,17,(0, 1, 0)||1
3,31,(0, 1, -1)||1
3,14,(1, 1, 0)||1
31,10,(1, 0, 0)||1
31,17,(1, 1, 0)||1
31,39,(-1, -1, 0)||1
44,10,(1, 0, 0)||1
44,16,(1, 1, 0)||1
44,5,(0, -1, 1)||1
44,10,(1, 0, -1)||3
10,49,(-1, 0, 1)||1
10,48,(0, -1, 1)||1
0,26,(1, 0, 0)||1
0,49,(-1, 0, -1)||1
31,17,(0, 0, 1)||1
31,26,(1, 0, 0)||1
31,3,(0, -1, 1)||1
31,48,(0, -1, -1)||1
31,14,(1, 0, 1)||1
31,26,(1, 0, -1)||1
17,3,(0, -1, 0)||1
17,31,(0, 0, -1)||1
17,19,(0, 1, 1)||1
17,10,(0, -1, -1)||2
17,11,(-1, -1, 0)||1
17,26,(1, 0, -1)||1
14,10,(-1, 0, 0)||2
14,14,(-1, 1, 0)||1
14,49,(-1, -1, 0)||1
14,10,(-1, 0, 1)||5
15,10,(-1, 0, 0)||1
15,15,(-1, 1, 0)||1
15,49,(-1, -1, 0)||1
19,10,(-1, 0, 0)||1
19,29,(-1, 1, 0)||1
19,17,(0, -1, -1)||1
10,14,(0, 1, 1)||1
10,31,(-1, 0, 0)||1
10,44,(-1, 0, 1)||3
10,44,(-1, 0, 0)||1
26,0,(-1, 0, 0)||1
26,15,(0, 1, -1)||1
26,48,(-1, -1, 0)||1
26,24,(1, -1, 0)||1
26,31,(-1, 0, 1)||1
26,10,(1, 0, -1)||1
26,14,(0, 0, 1)||1
26,31,(-1, 0, 0)||1
26,17,(-1, 0, 1)||1
14,26,(0, 0, -1)||1
14,19,(0, 1, 1)||1
14,10,(0, -1, -1)||1
14,3,(-1, -1, 0)||1
14,41,(1, -1, 0)||1
14,31,(-1, 0, -1)||1
17,31,(-1, -1, 0)||1
16,44,(-1, -1, 0)||1
15,26,(0, -1, 1)||1
19,14,(0, -1, -1)||1
24,26,(-1, 1, 0)||1
41,14,(-1, 1, 0)||1
10,26,(-1, 0, 1)||1
24,44,(0, 1, -1)||1
22,45,(1, 0, -1)||2
45,53,(0, 1, 0)||3
10,43,(0, 1, -1)||1
10,44,(0, 0, 1)||1
44,10,(0, 0, -1)||1
44,16,(0, 1, -1)||1
44,24,(0, -1, 1)||1
17,10,(1, 0, 0)||1
17,10,(1, 1, 0)||1
16,10,(1, 0, 0)||2
16,31,(0, 1, 1)||1
16,10,(1, 1, 0)||1
16,10,(1, 0, 1)||2
53,45,(0, -1, 0)||3
53,34,(0, 1, 1)||1
53,31,(0, 1, -1)||1
53,45,(1, -1, 0)||2
53,14,(1, 0, 1)||1
43,20,(0, 0, 1)||1
43,34,(0, 1, -1)||1
43,10,(0, -1, 1)||1
43,14,(1, 0, -1)||1
20,43,(0, 0, -1)||1
16,44,(0, -1, 1)||1
31,34,(0, 0, 1)||1
31,37,(1, 0, 0)||1
31,53,(0, -1, 1)||1
31,16,(0, -1, -1)||1
31,0,(1, 0, 1)||1
31,10,(1, 0, -1)||1
34,31,(0, 0, -1)||1
34,0,(0, 0, 1)||1
34,18,(0, 1, 1)||1
34,43,(0, -1, 1)||1
34,53,(0, -1, -1)||1
34,14,(1, -1, 0)||1
34,10,(1, 0, 1)||1
34,0,(1, 0, -1)||1
0,18,(0, 1, 0)||2
0,34,(0, 0, -1)||1
0,18,(0, 1, 1)||1
0,18,(0, 1, -1)||2
18,14,(0, 1, 0)||1
18,0,(0, -1, 0)||2
18,15,(0, 1, 1)||1
18,13,(1, 1, 0)||1
18,0,(0, -1, 1)||2
18,34,(0, -1, -1)||1
18,15,(0, 1, 0)||1
18,14,(0, 1, -1)||1
18,12,(1, 1, 0)||1
18,0,(0, -1, -1)||1
18,0,(1, 0, 1)||1
14,18,(0, -1, 0)||1
14,18,(0, -1, 1)||1
15,18,(0, -1, 0)||1
15,18,(0, -1, -1)||1
45,22,(-1, 0, 1)||2
45,14,(0, 1, 1)||2
45,53,(-1, 1, 0)||2
10,38,(0, 0, 1)||1
38,10,(0, 0, -1)||1
38,12,(0, 1, -1)||1
10,17,(-1, 0, 0)||1
10,55,(1, 1, 0)||1
10,16,(-1, 0, 0)||2
10,16,(-1, 0, -1)||2
14,34,(-1, 1, 0)||1
14,45,(0, -1, -1)||2
14,43,(-1, 0, 1)||1
14,52,(1, 0, 1)||1
14,53,(-1, 0, -1)||1
10,52,(1, 0, 0)||1
10,52,(1, 0, -1)||1
12,38,(0, -1, 1)||1
0,35,(0, 1, 1)||2
10,21,(1, 0, 0)||2
10,55,(1, 0, 1)||1
10,55,(1, 0, 0)||1
10,17,(-1, -1, 0)||1
10,16,(-1, -1, 0)||1
10,31,(-1, 0, 1)||1
10,55,(1, 0, -1)||1
37,31,(-1, 0, 0)||1
37,35,(0, 1, -1)||1
0,34,(-1, 0, 1)||1
0,31,(-1, 0, -1)||1
10,52,(1, -1, 0)||1
10,34,(-1, 0, -1)||1
35,0,(0, -1, -1)||2
35,21,(1, -1, 0)||1
35,55,(1, -1, 0)||1
35,37,(0, -1, 1)||1
35,26,(1, -1, 0)||1
10,47,(1, 0, 1)||1
10,47,(1, 0, 0)||2
0,18,(-1, 0, -1)||1
13,18,(-1, -1, 0)||1
12,18,(-1, -1, 0)||1
12,47,(1, -1, 0)||1
45,13,(0, 1, 1)||1
45,11,(1, 0, 1)||1
10,55,(0, 1, 1)||1
10,55,(0, 1, 0)||1
10,55,(0, 1, -1)||1
13,45,(0, -1, -1)||1
13,14,(1, 0, 1)||1
52,10,(0, 0, 1)||1
52,10,(-1, 0, 0)||1
52,14,(1, 0, 0)||1
52,10,(0, 1, 1)||1
52,10,(-1, 1, 0)||1
52,10,(-1, 0, 1)||1
52,10,(1, 0, 1)||1
52,14,(-1, 0, -1)||1
52,0,(1, 0, -1)||1
10,52,(0, 0, -1)||1
21,55,(0, 0, 1)||1
21,10,(-1, 0, 0)||2
21,35,(-1, 1, 0)||1
21,16,(1, 1, 0)||1
21,10,(1, 0, -1)||1
55,0,(0, 1, 0)||1
55,10,(0, -1, 0)||1
55,26,(0, 0, 1)||1
55,21,(0, 0, -1)||1
55,10,(-1, 0, 0)||1
55,0,(1, 0, 0)||1
55,0,(0, 1, 1)||1
55,0,(0, 1, -1)||1
55,35,(-1, 1, 0)||1
55,0,(1, 1, 0)||1
55,10,(0, -1, 1)||1
55,10,(0, -1, -1)||1
55,10,(-1, -1, 0)||1
55,28,(1, -1, 0)||1
55,10,(-1, 0, 1)||1
55,0,(1, 0, 1)||1
55,10,(-1, 0, -1)||1
55,10,(1, 0, -1)||1
26,37,(0, 0, 1)||1
26,55,(0, 0, -1)||1
26,35,(-1, 1, 0)||1
26,50,(1, 0, 1)||1
37,26,(0, 0, -1)||1
37,50,(1, 0, 0)||1
37,18,(1, -1, 0)||1
10,52,(0, -1, -1)||1
0,55,(0, -1, 1)||1
0,55,(0, -1, 0)||1
0,55,(0, -1, -1)||1
47,10,(-1, 0, 0)||2
47,12,(-1, 1, 0)||1
47,10,(-1, 0, -1)||1
45,53,(1, 1, 0)||1
24,18,(0, 1, 1)||1
24,28,(0, 1, -1)||1
24,28,(1, 0, -1)||1
8,11,(0, 0, 1)||1
8,45,(1, 0, 1)||2
11,8,(0, 0, -1)||1
11,14,(0, 1, 1)||1
11,45,(-1, 0, -1)||1
28,45,(1, 0, 0)||1
10,53,(1, 0, 1)||1
53,10,(0, 1, 0)||2
53,10,(0, 1, 1)||2
53,23,(0, 1, -1)||1
53,10,(1, 1, 0)||1
28,0,(1, 0, 0)||1
28,55,(-1, 1, 0)||1
28,24,(0, -1, 1)||1
28,28,(1, -1, 0)||1
18,50,(0, 1, 0)||1
18,37,(-1, 1, 0)||1
18,48,(1, 1, 0)||1
18,24,(0, -1, -1)||1
0,52,(-1, 0, 1)||1
14,52,(-1, 0, 0)||1
14,11,(0, -1, -1)||1
14,13,(-1, 0, -1)||1
10,52,(-1, 0, -1)||1
23,23,(0, 1, 1)||1
23,53,(0, -1, 1)||1
10,53,(0, -1, 0)||2
10,53,(1, -1, 0)||1
10,21,(-1, 0, 1)||1
10,53,(0, -1, -1)||2
10,55,(-1, 0, 1)||1
0,55,(-1, 0, 0)||1
0,55,(-1, 0, -1)||1
50,18,(0, -1, 0)||1
50,37,(-1, 0, 0)||1
50,48,(1, 0, 0)||1
50,10,(1, 0, 1)||1
50,26,(-1, 0, -1)||1
0,48,(1, 0, -1)||1
23,23,(0, -1, -1)||1
16,21,(-1, -1, 0)||1
0,55,(-1, -1, 0)||1
10,43,(1, 0, 0)||1
45,43,(1, 0, -1)||1
28,45,(0, 0, 1)||1
28,8,(1, 0, 0)||1
28,28,(-1, 1, 0)||1
28,24,(-1, 0, 1)||1
28,27,(1, 0, 1)||1
45,28,(0, 0, -1)||1
45,0,(0, 1, -1)||1
45,8,(1, 0, -1)||1
45,3,(1, 0, 1)||1
45,8,(-1, 0, -1)||2
45,28,(-1, 0, 0)||1
10,21,(1, 0, 1)||1
10,43,(1, -1, 0)||1
53,36,(0, 1, -1)||1
53,10,(-1, 1, 0)||1
53,45,(-1, -1, 0)||1
53,4,(1, -1, 0)||1
53,10,(-1, 0, -1)||1
53,0,(1, 0, -1)||1
0,28,(-1, 0, 0)||1
0,45,(0, -1, 1)||1
0,48,(0, 1, 1)||1
14,3,(1, -1, 0)||1
36,21,(1, -1, 0)||1
36,10,(0, 0, 1)||1
36,36,(0, 1, 1)||1
36,53,(0, -1, 1)||1
10,36,(0, 0, -1)||1
10,53,(-1, -1, 0)||1
48,50,(-1, 0, 0)||1
48,0,(0, -1, -1)||1
48,18,(-1, -1, 0)||1
48,0,(-1, 0, 1)||1
48,0,(1, 0, -1)||1
10,50,(-1, 0, -1)||1
36,36,(0, -1, -1)||1
47,0,(1, 0, 0)||2
47,47,(1, -1, 0)||1
29,37,(1, -1, 0)||1
11,21,(0, 1, 1)||1
43,4,(0, 0, 1)||1
43,10,(-1, 0, 0)||1
43,21,(0, 1, -1)||1
43,10,(-1, 1, 0)||1
43,44,(1, 1, 0)||1
43,45,(-1, 0, 1)||1
43,45,(1, 0, 1)||1
4,43,(0, 0, -1)||1
4,53,(-1, 1, 0)||1
8,27,(0, 0, 1)||1
8,28,(-1, 0, 0)||1
8,45,(-1, 0, 1)||1
27,8,(0, 0, -1)||1
27,28,(-1, 0, -1)||1
6,3,(0, 0, 1)||1
6,14,(0, 1, 1)||1
3,14,(0, 1, 0)||1
3,6,(0, 0, -1)||1
3,14,(-1, 1, 0)||1
3,21,(1, 1, 0)||1
3,45,(-1, 0, -1)||1
3,22,(0, 0, 1)||2
3,14,(0, 1, -1)||1
3,17,(1, 1, 0)||1
22,3,(0, 0, -1)||2
22,10,(0, 1, -1)||1
22,16,(1, 1, 0)||1
21,0,(0, 0, 1)||1
21,36,(-1, 1, 0)||1
21,43,(0, -1, 1)||1
21,11,(0, -1, -1)||1
21,44,(1, 0, 1)||1
21,10,(-1, 0, -1)||1
0,21,(0, 0, -1)||1
0,53,(-1, 0, 1)||1
0,14,(1, 1, 0)||1
14,3,(0, -1, 0)||1
14,21,(1, 0, 0)||1
14,47,(0, 1, 1)||1
14,3,(0, -1, 1)||1
14,6,(0, -1, -1)||1
14,17,(1, 0, 1)||1
10,22,(0, -1, 1)||1
0,48,(-1, 0, 1)||1
47,47,(-1, 1, 0)||1
47,14,(0, -1, -1)||1
47,17,(1, -1, 0)||1
21,38,(1, 0, 1)||1
37,29,(-1, 1, 0)||1
37,30,(1, 0, -1)||1
0,47,(-1, 0, 0)||2
45,21,(0, 1, 1)||2
10,23,(1, 1, 0)||1
45,44,(0, 1, -1)||1
45,43,(-1, 0, -1)||1
45,41,(1, 0, -1)||1
21,44,(0, 0, 1)||1
21,23,(1, 0, 0)||1
21,45,(0, -1, -1)||2
21,16,(1, 0, 1)||1
44,21,(0, 0, -1)||1
44,16,(1, 0, 0)||1
44,45,(0, -1, 1)||1
44,43,(-1, -1, 0)||1
44,3,(1, -1, 0)||1
44,21,(-1, 0, -1)||1
44,23,(1, 0, -1)||1
21,17,(0, 0, 1)||1
21,14,(-1, 0, 0)||1
21,17,(1, 0, 0)||1
21,3,(-1, -1, 0)||1
21,32,(1, 0, 1)||1
17,21,(0, 0, -1)||1
17,47,(-1, 1, 0)||1
17,3,(-1, -1, 0)||1
17,14,(-1, 0, -1)||1
17,17,(1, 0, -1)||1
16,22,(-1, -1, 0)||1
16,32,(1, 0, -1)||1
14,0,(-1, -1, 0)||1
30,37,(-1, 0, 1)||1
38,21,(-1, 0, -1)||1
27,23,(0, 1, 1)||1
3,16,(0, 1, 0)||1
3,23,(0, 1, -1)||1
3,44,(-1, 1, 0)||1
22,16,(0, 1, -1)||1
41,22,(0, 0, 1)||1
41,45,(-1, 0, 1)||1
22,41,(0, 0, -1)||1
22,31,(1, 1, 0)||1
23,21,(-1, 0, 0)||1
23,3,(0, -1, 1)||1
23,27,(0, -1, -1)||1
23,10,(-1, -1, 0)||1
23,44,(-1, 0, 1)||1
16,3,(0, -1, 0)||1
16,44,(-1, 0, 0)||1
16,35,(1, 1, 0)||1
16,22,(0, -1, 1)||1
16,21,(-1, 0, -1)||1
0,36,(0, 1, -1)||1
17,32,(0, 0, 1)||1
17,21,(-1, 0, 0)||1
17,17,(-1, 0, 1)||1
17,31,(1, 0, -1)||1
32,15,(0, 0, 1)||1
32,17,(0, 0, -1)||1
32,36,(1, 0, 0)||1
32,0,(0, 1, 1)||1
32,0,(1, 1, 0)||1
32,16,(-1, 0, 1)||1
32,12,(1, 0, 1)||1
32,21,(-1, 0, -1)||1
32,13,(1, 0, -1)||1
15,32,(0, 0, -1)||1
13,10,(1, 0, -1)||1
36,0,(0, -1, 1)||1
36,17,(1, 0, 1)||1
0,32,(0, -1, -1)||1
24,11,(0, 0, 1)||1
11,24,(0, 0, -1)||1
31,13,(0, 0, 1)||1
31,22,(-1, -1, 0)||1
31,17,(-1, 0, 1)||1
13,31,(0, 0, -1)||1
13,32,(-1, 0, 1)||1
36,32,(-1, 0, 0)||1
12,32,(-1, 0, -1)||1
35,29,(0, 1, 1)||1
35,16,(-1, -1, 0)||1
10,13,(-1, 0, 1)||1
17,36,(-1, 0, -1)||1
0,32,(-1, -1, 0)||1
29,35,(0, -1, -1)||1
